246795 2035
246793 2041
246790 2026
246786 2029
246784 2032
246784 2032
246783 2026
246783 2026
246782 2041
246773 2038
246766 2014
246762 2044
246761 2038
246754 2029
246744 2044
246733 2047
246729 2044
246718 2077
246703 2053
246698 2011
246696 2014
246695 2011
246693 2017
246676 1999
246655 2017
246633 2023
246618 2023
246598 2032
246581 2020
246573 1996
246549 2023
246540 2026
246536 2026
246514 2011
246507 2047
246493 2029
246457 2008
246450 2008
246432 2041
246402 2041
246397 2038
246391 2026
246358 2002
246317 2038
246303 1993
246298 2038
246280 2065
246255 2041
246218 2017
246209 2044
246183 2053
246152 2041
246134 2011
246127 2023
246099 2029
246059 2050
246058 2050
246057 2047
246024 2032
245982 1996
245924 2035
245923 2035
245883 2035
245842 2044
245797 2062
245737 2005
245734 2005
245709 1981
245700 1999
245695 1999
245642 2038
245573 2020
245505 2047
245464 2056
245426 2014
245413 2005
245361 1981
245322 1999
245276 2050
245259 2059
245208 2005
245152 2050
245082 2044
245035 2035
244958 2035
244879 2014
244876 2023
244829 2026
244782 1999
244755 2005
244755 2005
244710 2014
244678 2008
244619 2005
244597 1993
244532 2008
244504 2023
244413 2014
244409 2014
244409 2014
244308 2023
244224 2005
244170 2020
244076 2041
244067 2041
243994 2011
243984 2020
243898 2020
243868 2008
243823 2032
243823 2032
243767 2011
243754 2011
243700 2023
243677 2032
243608 1996
243557 2005
243454 2008
243417 2026
243344 2035
243248 2029
243139 2053
243117 2065
243100 2068
243031 2008
243027 2008
242968 2041
242908 2047
242782 2002
242717 2023
242655 2047
242529 2038
242397 2011
242384 2002
242319 2008
242309 2005
242198 2053
242127 2065
242058 2056
242052 2080
241919 2053
241893 2059
241810 2053
241718 2014
241627 2014
241564 2044
241421 2005
241322 2017
241175 1990
241145 1987
241093 2005
240981 2008
240964 2014
240939 2029
240860 1999
240806 1999
240677 2023
240675 2023
240552 2002
240436 2044
240404 2041
240350 2050
240290 2065
240157 2008
240153 2014
240014 2002
239930 1999
239855 2011
239786 2014
239780 2011
239750 2023
239581 2014
239542 2044
239467 2041
239410 2023
239326 2032
239236 2032
239190 2035
239042 2020
238957 1999
238945 2011
238910 1993
238743 2041
238714 2044
238533 1990
238449 2011
238423 2017
238280 2035
238252 2032
238082 2035
238032 2023
237850 2014
237687 2011
237582 2023
237444 2002
237344 2017
237264 2023
237202 2005
237005 2035
236917 2014
236850 2032
236699 2035
236684 2038
236652 2014
236601 2011
236526 1999
236400 2011
236256 2035
236142 2020
236048 2014
235870 2032
235745 2020
235680 2038
235525 2056
235439 2029
235253 2035
235067 2041
235033 2053
234892 2041
234757 2020
234610 2011
234418 2044
234298 2017
234181 2023
234163 2017
233943 2026
233791 2029
233764 2038
233706 2035
233627 2020
233505 2020
233468 2011
233438 2005
233369 2002
233293 2017
233210 2014
233076 2020
232950 1987
232792 2023
232613 1987
232465 2014
232422 2008
232417 2002
232204 2023
232068 2008
232055 2023
231956 1999
231934 1993
231882 2005
231873 1996
231704 2002
231483 2005
231346 2005
231120 2050
231100 2047
230943 2035
230724 2026
230536 2029
230352 2014
230330 2011
230144 2029
229907 2005
229680 2053
229464 2014
229420 2035
229376 2023
229173 2017
229068 2023
228973 2029
228936 2026
228890 2032
228628 2044
228542 2065
228326 2035
228201 2071
227972 2044
227736 2053
227506 2020
227257 2026
227076 2056
226934 2026
226854 2053
226703 2068
226681 2041
226637 2047
226549 2047
226446 2029
226161 2011
225976 2023
225785 2023
225591 2026
225475 2026
225306 2044
225149 2011
225079 2002
224957 2026
224848 2020
224663 2041
224442 2035
224248 2047
224030 2032
223872 2005
223695 2008
223689 2008
223575 2029
223552 2014
223403 2002
223137 2020
222976 2020
222847 1993
222688 2029
222665 2026
222469 1993
222433 1984
222386 2020
222147 2041
221830 2011
221793 2017
221660 2023
221454 2047
221207 2044
221170 2026
220957 2056
220947 2050
220741 2014
220576 2008
220545 2035
220220 2038
220151 2053
219999 2065
219890 2017
219705 2047
219695 2047
219389 2029
219198 2029
219184 2026
218978 2020
218938 2011
218635 2038
218356 1999
218297 1993
218150 2044
217847 2053
217699 2029
217627 2026
217406 2029
217109 2047
217039 2053
216785 2029
216681 2026
216523 2017
216446 2017
216318 2041
216041 2059
215732 2008
215511 1987
215390 2017
215051 2026
214940 2023
214881 2038
214728 2059
214523 2050
214267 2023
214106 2053
214049 2038
213929 2044
213876 2044
213723 2029
213713 2032
213709 2029
213613 2041
213306 2047
213138 2038
212866 2038
212756 2035
212642 2032
212490 2011
212445 2035
212279 1999
211989 2056
211610 2044
211410 2029
211038 1996
210659 2011
210524 2029
210213 2005
209977 2008
209849 2005
209691 1990
209484 2002
209310 2023
209002 2020
208707 2050
208644 1999
208292 2023
208078 2020
207906 2041
207905 2041
207669 2023
207621 2014
207354 2017
207170 2011
206942 1999
206894 1999
206801 2020
206465 2041
206463 2041
206357 2008
206131 2011
205954 2017
205548 2023
205326 2026
205076 2023
204835 2023
204622 2020
204384 2029
204216 2047
203886 2035
203516 2059
203336 2026
202922 2041
202786 2053
202678 2041
202508 1999
202319 2017
202270 2011
201859 1999
201646 2023
201327 2020
201234 2035
200969 2044
200788 2035
200508 2017
200419 2023
200335 2014
199968 2014
199689 2026
199600 2038
199288 2026
199187 2032
199064 2020
198760 2035
198585 2023
198205 2026
198071 2020
197821 2014
197632 2053
197482 2035
197482 2035
197341 2017
197008 2035
196720 2038
196457 2047
196178 2050
196167 2047
195859 2041
195690 2032
195245 2035
195161 2044
195103 2044
195025 2035
194825 2011
194586 2023
194374 2038
194092 2050
193928 2011
193490 2053
193070 2050
192836 2029
192541 2008
192194 2014
191842 2035
191690 2029
191633 2026
191508 2035
191387 2041
191226 2014
190907 2041
190805 2038
190642 2023
190362 2050
190085 2038
189619 2035
189227 2059
189126 2053
188652 2047
188424 2032
188318 2065
188030 2044
187715 2062
187558 2080
187366 2059
187342 2050
187109 2038
186694 2050
186538 2050
186137 2074
185767 2077
185670 2068
185508 2035
185505 2035
185235 2050
184879 2065
184712 2041
184374 2050
183898 2032
183798 2032
183480 2038
183352 2032
183347 2035
182865 2041
182451 2053
182317 2041
182050 2017
181902 2026
181867 2023
181786 2029
181588 2059
181440 2059
181236 2023
180721 2026
180438 2014
180219 2017
179853 1999
179847 2005
179379 2044
179045 2032
178614 2041
178460 2014
178217 2044
177810 2044
177654 2038
177130 2044
176881 2011
176754 1999
176589 2005
176576 2005
176552 2014
176065 2050
175917 2032
175890 2029
175628 2017
175246 2008
175083 2020
174543 2020
174024 2035
173827 2023
173400 2053
173219 2044
173078 2032
172990 2014
172468 2002
172042 2014
171916 2023
171750 2023
171503 2026
171459 2023
170961 2062
170464 2035
170264 2029
169719 2035
169355 2065
169021 2065
168479 2023
168063 2059
167610 2041
167466 2029
167041 2038
166560 2041
166125 2008
165757 2017
165461 1996
165314 2014
165112 2017
164657 2026
164150 2044
163618 2044
163175 2029
162795 2068
162663 2056
162083 2011
161814 2017
161349 2041
161102 2011
160723 2035
160304 2011
159808 2020
159387 2041
159045 2038
158824 2044
158802 2047
158673 2050
158292 2047
158119 2029
158029 2047
158021 2044
157979 2041
157963 2038
157508 2062
157188 2041
156717 2017
156473 2005
156429 1999
156020 2020
155788 2008
155486 2017
155168 2014
154986 2023
154419 2053
154303 2053
154219 2065
153876 2020
153695 2035
153119 2050
152733 2038
152166 2068
151771 2056
151706 2068
151319 2032
150772 2047
150481 2056
150279 2050
150226 2038
150161 2041
149810 2065
149261 2017
149184 2020
148998 2050
148666 2068
148345 2065
148049 2050
147434 2065
147085 2038
146969 2020
146562 2017
145972 2062
145753 2041
145648 2047
145103 2032
144935 2005
144303 2023
143677 2056
143381 2050
143199 2083
142846 2077
142798 2089
142682 2077
142550 2077
142439 2065
142147 2059
141679 2071
141485 2080
141227 2059
140943 2089
140930 2086
140538 2071
139919 2029
139833 2044
139500 2053
139182 2056
138972 2053
138333 2074
138273 2041
137945 2035
137853 2047
137596 2041
137313 2059
137243 2077
136889 2059
136706 2065
136045 2053
135934 2056
135348 2068
135047 2071
134757 2065
134466 2035
134366 2032
134193 2053
134003 2044
133349 2032
133116 2077
132464 2062
132298 2059
132048 2047
131779 2047
131598 2044
130961 2053
130304 2062
130299 2065
129989 2056
129940 2044
129287 2068
129002 2056
128895 2062
128581 2083
128449 2086
128084 2059
127736 2047
127527 2062
127036 2047
126518 2053
126318 2059
125722 2065
125538 2065
125281 2050
124647 2047
124169 2038
123822 2026
123271 2050
122635 2056
122582 2053
122055 2050
121692 2044
121463 2047
121420 2050
121049 2095
120915 2080
120213 2071
119870 2065
119271 2086
118965 2074
118584 2080
118029 2077
117692 2071
117445 2074
117290 2047
117080 2056
116476 2104
115971 2077
115832 2062
115723 2077
115692 2086
115363 2128
114640 2032
114415 2053
114105 2044
113703 2050
113268 2071
112875 2041
112626 2071
112538 2062
112089 2059
112067 2053
111603 2047
111207 2026
111138 2032
110570 1993
110042 2068
109492 2068
109325 2056
108931 2050
108350 2053
108061 2074
107361 2071
107191 2068
106666 2053
106084 2089
105717 2083
105617 2062
105273 2053
104773 2056
104536 2050
104443 2056
103884 2053
103188 2068
103158 2062
102571 2050
102215 2074
102001 2059
101772 2080
101458 2053
101162 2074
100496 2098
100446 2092
99959 2062
99659 2101
99030 2086
98736 2116
98175 2092
97765 2098
97589 2083
96912 2089
96675 2071
96492 2089
95878 2062
95778 2068
95074 2149
94641 2077
94440 2077
93895 2158
93400 2131
92703 2056
92222 2062
91910 2065
91720 2074
91313 2032
90974 2074
90194 2110
89717 2095
89171 2140
88955 2137
88445 2119
87890 2080
87286 2083
86724 2134
86489 2137
85874 2104
85476 2125
85233 2116
84850 2104
84322 2146
83920 2170
83656 2149
82920 2131
82337 2107
81735 2113
81718 2110
81524 2119
80786 2053
80558 2047
80107 2068
79987 2074
79342 2131
79244 2131
78804 2131
78256 2146
78019 2107
77251 2110
77012 2125
76301 2116
76110 2128
75980 2125
75583 2113
74840 2143
74085 2104
73427 2128
72750 2146
72186 2158
71967 2164
71907 2164
71277 2146
70830 2128
70358 2161
70324 2179
69962 2119
69204 2203
68853 2197
68782 2191
68131 2170
67856 2149
67017 2152
66211 2068
66136 2077
65781 2074
65735 2095
65204 2098
64600 2104
64302 2107
63842 2113
63014 2146
62308 2122
61962 2122
61871 2128
61084 2140
60833 2134
60832 2134
60228 2134
60176 2140
59889 2137
59381 2125
59267 2143
59231 2134
59156 2131
58848 2143
58197 2134
58066 2119
57308 2137
56620 2143
55843 2188
55598 2146
54954 2179
54189 2170
54009 2170
53293 2161
52486 2179
52250 2212
51882 2167
51343 2167
51146 2170
50628 2263
50135 2251
49523 2236
48662 2182
48374 2170
48171 2173
47968 2179
47114 2203
46614 2188
45774 2221
45541 2227
44849 2239
44198 2224
43353 2137
42902 2143
42886 2152
42278 2242
41693 2200
41215 2185
40817 2200
40680 2209
39972 2170
39252 2275
38636 2209
37751 2212
37216 2239
36696 2257
35908 2146
35013 2146
34881 2146
34216 2200
33716 2167
33386 2179
33370 2173
32914 2182
32327 2203
32099 2176
31757 2239
31225 2218
30492 2254
29628 2242
29194 2290
29021 2254
28432 2269
28068 2248
27423 2344
27132 2302
26484 2362
26181 2365
25418 2326
24717 2278
24282 2260
24077 2281
23587 2278
22876 2287
22712 2320
22629 2323
22319 2332
21666 2344
21614 2347
21527 2338
21508 2338
21262 2365
20848 2326
20810 2314
20434 2314
19760 2281
18874 2359
18503 2347
18249 2335
17897 2311
17592 2392
16909 2341
16395 2281
15516 2230
14809 2281
14624 2269
14434 2248
14050 2323
13926 2302
13295 2299
13183 2323
12959 2383
12123 2269
11494 2320
10549 2335
10534 2332
9814 2257
9535 2254
9182 2245
8750 2317
7770 2296
7404 2302
6732 2263
6304 2233
6270 2227
5578 2224
4827 2158
4218 2140
4168 2158
3183 2053
2241 1957
1880 1963
1523 1894
1413 1882
521 2119
479 2119
156 2176
73 2182
0 2197
