24920407 18003
24920407 18005
24920405 18003
24920404 18003
24920402 18003
24920399 18003
24920398 18003
24920396 18003
24920391 18003
24920382 18003
24920373 18001
24920368 18001
24920357 18003
24920344 18005
24920330 18001
24920317 18001
24920314 18001
24920312 18001
24920294 18001
24920292 18001
24920284 18001
24920275 18001
24920264 18003
24920255 18001
24920247 18001
24920244 18001
24920219 18005
24920197 18001
24920181 18001
24920154 18001
24920127 18001
24920124 18001
24920102 18001
24920096 18001
24920082 18001
24920052 18001
24920026 18001
24920024 18001
24920022 18001
24919985 18001
24919947 18001
24919929 18001
24919912 18001
24919896 18001
24919882 18001
24919868 18001
24919856 18001
24919849 18001
24919845 18001
24919832 18001
24919786 18001
24919785 18001
24919767 18001
24919740 18001
24919708 18001
24919672 18003
24919661 18003
24919660 18003
24919659 18003
24919615 18003
24919571 18001
24919529 18001
24919493 18001
24919467 18001
24919415 18001
24919356 18001
24919301 18001
24919281 18001
24919232 18001
24919184 18001
24919168 18001
24919141 18001
24919141 18001
24919119 18003
24919065 18001
24919033 18001
24918988 18003
24918938 18003
24918924 18001
24918892 18001
24918848 18001
24918837 18001
24918793 18001
24918728 18001
24918714 18003
24918662 18003
24918577 18001
24918537 18003
24918475 18001
24918475 18001
24918464 18001
24918376 18005
24918306 18001
24918239 18003
24918206 18003
24918187 18003
24918162 18003
24918081 18003
24918028 18003
24917964 18001
24917908 18001
24917835 18001
24917746 18001
24917684 18003
24917588 18001
24917563 18001
24917497 18003
24917489 18001
24917402 18003
24917316 18001
24917261 18001
24917158 18003
24917060 18001
24916966 18001
24916884 18001
24916880 18001
24916827 18001
24916785 18001
24916775 18001
24916686 18003
24916637 18003
24916603 18001
24916514 18003
24916421 18001
24916346 18001
24916263 18001
24916148 18003
24916046 18001
24915981 18001
24915933 18001
24915876 18001
24915746 18001
24915653 18001
24915528 18001
24915504 18001
24915421 18001
24915403 18001
24915295 18001
24915193 18001
24915108 18001
24915036 18001
24914922 18003
24914845 18001
24914840 18001
24914737 18001
24914611 18003
24914493 18001
24914380 18003
24914351 18003
24914209 18001
24914138 18003
24914103 18003
24914074 18003
24914053 18003
24913904 18001
24913783 18001
24913709 18001
24913576 18001
24913535 18001
24913382 18001
24913243 18001
24913195 18001
24913100 18001
24913005 18001
24912966 18001
24912838 18003
24912702 18003
24912633 18003
24912539 18001
24912446 18001
24912446 18001
24912434 18001
24912366 18001
24912263 18001
24912118 18001
24911991 18001
24911907 18003
24911786 18003
24911765 18003
24911705 18003
24911590 18003
24911477 18001
24911370 18003
24911282 18003
24911199 18003
24911162 18003
24911109 18003
24910932 18001
24910790 18001
24910757 18001
24910655 18001
24910529 18001
24910436 18001
24910412 18001
24910239 18001
24910094 18005
24909900 18005
24909754 18001
24909596 18001
24909493 18003
24909429 18003
24909260 18003
24909196 18003
24909123 18003
24909113 18003
24909082 18003
24908923 18001
24908871 18001
24908693 18001
24908499 18001
24908374 18001
24908346 18001
24908302 18001
24908123 18001
24907975 18001
24907824 18001
24907816 18001
24907680 18001
24907615 18001
24907512 18003
24907329 18003
24907140 18001
24907114 18003
24907039 18001
24907037 18001
24906875 18001
24906701 18001
24906548 18001
24906444 18001
24906314 18001
24906255 18001
24906152 18001
24906053 18001
24906003 18003
24905891 18003
24905846 18001
24905748 18001
24905685 18001
24905576 18003
24905343 18001
24905140 18003
24904964 18009
24904939 18009
24904931 18009
24904866 18005
24904661 18001
24904556 18001
24904556 18001
24904530 18001
24904431 18001
24904305 18001
24904305 18001
24904070 18001
24903985 18001
24903983 18001
24903823 18003
24903814 18001
24903611 18001
24903524 18001
24903468 18001
24903366 18001
24903211 18001
24903023 18001
24902894 18001
24902769 18001
24902717 18001
24902620 18001
24902372 18001
24902342 18001
24902207 18001
24902062 18001
24901881 18001
24901810 18001
24901716 18001
24901603 18001
24901565 18001
24901328 18001
24901094 18003
24901046 18003
24901044 18003
24900788 18001
24900685 18001
24900681 18001
24900447 18001
24900337 18001
24900328 18001
24900190 18001
24900166 18001
24900015 18003
24899780 18001
24899681 18001
24899414 18001
24899403 18001
24899392 18001
24899380 18001
24899214 18001
24898933 18003
24898798 18003
24898764 18003
24898744 18003
24898454 18001
24898245 18001
24898116 18001
24897856 18001
24897638 18003
24897391 18001
24897385 18001
24897210 18001
24896998 18001
24896722 18003
24896535 18005
24896346 18001
24896054 18001
24895966 18001
24895943 18001
24895844 18003
24895844 18003
24895656 18003
24895518 18001
24895353 18001
24895220 18001
24894967 18001
24894950 18001
24894911 18001
24894743 18001
24894701 18001
24894466 18003
24894317 18003
24894233 18003
24894072 18003
24894010 18003
24893942 18003
24893668 18001
24893458 18001
24893210 18001
24893031 18001
24892881 18001
24892736 18001
24892708 18001
24892440 18003
24892325 18003
24892207 18003
24892201 18003
24892104 18001
24891877 18003
24891835 18003
24891753 18001
24891522 18001
24891262 18001
24891022 18001
24890738 18003
24890458 18001
24890424 18001
24890109 18001
24889777 18003
24889553 18003
24889303 18003
24889202 18003
24888934 18001
24888590 18001
24888310 18001
24887967 18003
24887677 18001
24887457 18001
24887386 18001
24887192 18001
24886902 18003
24886660 18001
24886296 18001
24885964 18003
24885943 18003
24885580 18003
24885240 18001
24885199 18001
24885107 18001
24884903 18001
24884556 18003
24884513 18003
24884195 18001
24884083 18001
24883779 18001
24883526 18001
24883247 18001
24882885 18001
24882808 18001
24882557 18001
24882345 18001
24881997 18001
24881771 18003
24881395 18003
24881070 18003
24881067 18003
24880721 18005
24880600 18005
24880492 18003
24880461 18003
24880130 18001
24880114 18001
24879952 18001
24879765 18003
24879522 18001
24879466 18001
24879287 18001
24879079 18003
24878697 18001
24878560 18001
24878260 18001
24877916 18001
24877721 18001
24877475 18001
24877153 18001
24877028 18001
24876639 18001
24876423 18001
24876059 18001
24875736 18001
24875383 18001
24875345 18001
24875051 18001
24875016 18001
24874995 18001
24874907 18001
24874855 18003
24874597 18003
24874384 18001
24874214 18001
24874054 18001
24874045 18003
24873996 18001
24873807 18003
24873589 18001
24873266 18001
24873006 18001
24873005 18001
24872876 18001
24872643 18003
24872493 18003
24872183 18001
24872166 18001
24871954 18001
24871522 18001
24871300 18003
24871104 18001
24870864 18001
24870842 18001
24870688 18001
24870534 18001
24870107 18001
24869900 18001
24869577 18003
24869564 18003
24869471 18003
24869039 18001
24868666 18001
24868290 18001
24868241 18001
24867830 18001
24867720 18001
24867648 18001
24867637 18001
24867314 18001
24866987 18003
24866623 18001
24866172 18001
24865842 18001
24865492 18001
24865258 18001
24864925 18003
24864718 18003
24864610 18003
24864202 18001
24864172 18001
24863815 18001
24863660 18001
24863356 18001
24863139 18001
24862801 18001
24862798 18001
24862771 18001
24862372 18001
24862020 18001
24861649 18001
24861307 18003
24861151 18005
24860856 18003
24860586 18001
24860374 18001
24860121 18001
24859909 18001
24859600 18001
24859318 18001
24859242 18001
24859240 18001
24859226 18001
24859157 18001
24858802 18001
24858403 18001
24858251 18001
24858210 18001
24857740 18003
24857642 18001
24857146 18001
24857137 18001
24856833 18001
24856335 18005
24856000 18001
24855954 18001
24855787 18001
24855619 18001
24855529 18001
24855429 18001
24855052 18001
24854550 18001
24854265 18003
24854232 18001
24854098 18001
24854024 18001
24853923 18001
24853514 18001
24853198 18001
24852765 18001
24852752 18001
24852532 18001
24852086 18001
24852045 18001
24851921 18001
24851797 18001
24851513 18001
24851412 18001
24850886 18001
24850634 18001
24850424 18003
24850104 18003
24850019 18003
24850012 18003
24849700 18001
24849440 18001
24849023 18001
24848712 18001
24848260 18001
24847737 18001
24847313 18001
24847176 18001
24846660 18001
24846656 18001
24846480 18001
24846375 18001
24846288 18001
24846194 18001
24845838 18001
24845606 18001
24845594 18001
24845213 18001
24844931 18001
24844643 18001
24844408 18003
24844181 18001
24843951 18001
24843950 18001
24843608 18001
24843586 18001
24843505 18001
24843130 18001
24842949 18001
24842769 18001
24842577 18001
24842061 18001
24841600 18001
24841534 18001
24841255 18001
24841070 18001
24841024 18001
24840477 18003
24840157 18001
24839766 18001
24839209 18001
24838901 18001
24838602 18001
24838152 18001
24837728 18001
24837249 18003
24836743 18003
24836513 18003
24836216 18003
24836194 18003
24835845 18003
24835267 18001
24835002 18001
24834991 18001
24834624 18003
24834188 18005
24833756 18001
24833299 18001
24833065 18001
24833043 18001
24832999 18001
24832549 18001
24832186 18001
24831860 18003
24831557 18001
24831095 18001
24830567 18001
24830193 18001
24829978 18001
24829919 18001
24829333 18001
24829135 18001
24828738 18003
24828647 18003
24828179 18001
24827950 18001
24827339 18001
24827164 18001
24826904 18003
24826799 18003
24826591 18001
24826571 18001
24826077 18001
24825570 18001
24825128 18003
24824872 18001
24824529 18001
24824258 18001
24824127 18001
24823738 18001
24823429 18001
24823248 18001
24823231 18001
24823156 18001
24822844 18001
24822484 18001
24822146 18003
24821903 18001
24821364 18001
24820778 18001
24820684 18001
24820162 18001
24819588 18001
24819078 18003
24818446 18001
24818017 18001
24817484 18003
24817090 18003
24816458 18003
24816277 18001
24815768 18001
24815132 18003
24814489 18003
24814103 18001
24813825 18001
24813371 18001
24813350 18001
24813337 18001
24813233 18001
24813065 18001
24812868 18001
24812661 18001
24812526 18001
24812304 18001
24812241 18001
24811770 18001
24811158 18001
24810726 18003
24810222 18001
24809704 18001
24809328 18001
24808718 18001
24808539 18001
24808234 18003
24807993 18003
24807400 18001
24806857 18001
24806709 18001
24806375 18001
24806093 18001
24805989 18001
24805776 18001
24805501 18001
24805406 18003
24804771 18001
24804177 18003
24803852 18003
24803430 18001
24803062 18001
24802856 18001
24802505 18001
24802164 18001
24801729 18001
24801221 18003
24800624 18001
24800366 18003
24800299 18003
24799749 18001
24799269 18001
24798922 18001
24798754 18001
24798112 18001
24797816 18001
24797474 18001
24797200 18001
24796627 18001
24796595 18001
24795981 18001
24795494 18001
24795092 18003
24794404 18001
24793800 18003
24793163 18001
24793138 18001
24792676 18001
24792345 18003
24791943 18001
24791835 18001
24791754 18001
24791659 18001
24791579 18005
24791110 18003
24790641 18001
24790096 18003
24790063 18003
24789935 18001
24789356 18003
24788771 18001
24788320 18001
24787970 18001
24787733 18001
24787368 18001
24787071 18001
24786499 18001
24786474 18001
24786130 18003
24785934 18003
24785390 18001
24785374 18001
24784654 18001
24784417 18001
24784413 18001
24784076 18001
24783891 18001
24783852 18001
24783270 18001
24782993 18001
24782525 18001
24782084 18001
24781711 18001
24781410 18001
24780868 18003
24780246 18001
24779697 18001
24779590 18003
24779192 18003
24778498 18005
24777777 18001
24777513 18003
24777100 18001
24777018 18001
24776479 18001
24776410 18001
24776253 18001
24776128 18001
24775529 18001
24775270 18001
24774948 18001
24774539 18001
24774254 18001
24774205 18001
24773804 18001
24773771 18001
24773608 18001
24773001 18001
24772917 18001
24772913 18001
24772269 18001
24771687 18001
24771480 18003
24771206 18003
24770559 18001
24769782 18005
24769113 18001
24768663 18003
24768550 18005
24768507 18003
24768379 18003
24767797 18001
24767476 18001
24767195 18001
24766506 18001
24765877 18001
24765521 18001
24764948 18001
24764172 18001
24763442 18003
24763374 18003
24763321 18003
24763223 18003
24763107 18003
24762479 18001
24761949 18001
24761785 18001
24761263 18001
24761172 18001
24760922 18001
24760389 18001
24759616 18001
24759031 18001
24758274 18001
24757473 18001
24757286 18003
24756822 18001
24756444 18001
24755790 18003
24755206 18001
24754770 18001
24753976 18001
24753605 18001
24752791 18001
24752788 18001
24752780 18001
24752431 18001
24752062 18001
24751457 18001
24751400 18001
24751360 18001
24750970 18001
24750840 18001
24750156 18001
24749635 18001
24749147 18003
24749008 18001
24748311 18001
24748087 18001
24747312 18001
24746633 18001
24746153 18003
24745410 18001
24745234 18001
24745085 18001
24744662 18001
24744323 18001
24743690 18001
24743671 18001
24742922 18001
24742525 18001
24742323 18001
24741587 18001
24741061 18001
24740319 18001
24739580 18001
24739335 18001
24739065 18001
24739057 18001
24739020 18001
24738690 18001
24738089 18001
24737632 18001
24737443 18001
24737261 18001
24736543 18001
24735845 18001
24735540 18003
24734949 18001
24734325 18001
24733502 18001
24733353 18001
24733082 18001
24732347 18001
24732030 18003
24731615 18001
24731588 18001
24730886 18001
24730089 18001
24729474 18001
24728864 18001
24728518 18003
24727679 18001
24727464 18001
24726860 18001
24726453 18001
24725787 18001
24725782 18001
24725060 18001
24724706 18001
24724092 18001
24723311 18001
24722619 18001
24721808 18001
24721152 18001
24720583 18003
24719912 18001
24719409 18001
24719386 18001
24719285 18001
24718421 18001
24717531 18001
24717279 18001
24716431 18001
24716011 18001
24715734 18001
24715353 18001
24715183 18001
24715051 18001
24715036 18001
24714213 18001
24713768 18003
24713393 18001
24712939 18001
24712595 18003
24711886 18001
24711293 18003
24710549 18001
24710158 18001
24709726 18001
24708905 18003
24708746 18003
24708711 18003
24708406 18003
24708319 18003
24707593 18001
24707579 18001
24706786 18001
24706757 18001
24706129 18001
24705555 18001
24705546 18001
24705247 18001
24704374 18001
24703488 18001
24702716 18001
24702467 18001
24702409 18001
24701791 18001
24701729 18001
24701653 18001
24701411 18003
24701191 18001
24701017 18001
24700635 18001
24700369 18003
24699794 18001
24699694 18001
24699583 18001
24699499 18001
24699243 18003
24698618 18001
24698357 18001
24698070 18001
24698037 18001
24698020 18001
24697302 18001
24697242 18001
24696740 18001
24695978 18001
24695261 18001
24695073 18001
24694646 18003
24694539 18003
24693805 18001
24693727 18001
24693157 18001
24692502 18001
24691754 18001
24691472 18001
24691087 18001
24690238 18001
24690034 18001
24689419 18001
24688742 18003
24688141 18001
24687582 18001
24687253 18001
24686539 18001
24686199 18001
24686107 18001
24686091 18001
24686052 18001
24686034 18001
24685067 18001
24684984 18001
24684944 18001
24684223 18001
24683449 18001
24682882 18001
24682660 18001
24682116 18001
24681357 18001
24680698 18001
24680378 18001
24680158 18001
24679759 18001
24678825 18001
24677923 18001
24677696 18001
24676818 18001
24676494 18003
24675764 18001
24675671 18001
24675058 18001
24674610 18001
24673889 18001
24673649 18001
24673197 18001
24673047 18001
24672468 18001
24671907 18001
24671735 18001
24671445 18001
24671188 18001
24670400 18001
24670031 18001
24669737 18001
24669197 18001
24668360 18001
24667467 18001
24666699 18001
24666650 18001
24666331 18001
24666219 18003
24665835 18001
24665314 18001
24664796 18001
24663798 18001
24663695 18001
24663304 18001
24662794 18003
24662371 18001
24662208 18003
24661932 18001
24661860 18001
24661570 18001
24660542 18001
24660235 18001
24659475 18001
24658673 18001
24658131 18001
24657119 18001
24656135 18003
24655279 18005
24655035 18005
24654638 18005
24653753 18001
24653573 18001
24652584 18001
24651884 18001
24651168 18001
24650794 18001
24650399 18003
24650380 18003
24650244 18001
24649438 18001
24649215 18001
24648895 18001
24648483 18001
24648162 18001
24647434 18001
24646469 18003
24646069 18001
24645170 18001
24644975 18003
24644505 18001
24644357 18001
24643489 18001
24643069 18001
24642513 18001
24642224 18001
24641212 18001
24641031 18001
24640110 18005
24639667 18003
24639634 18003
24639342 18003
24639031 18003
24638804 18003
24638561 18005
24637503 18001
24636915 18001
24636654 18001
24636260 18001
24635640 18001
24635260 18001
24634409 18001
24633949 18001
24633243 18001
24632328 18001
24631913 18001
24631895 18001
24631448 18001
24630610 18001
24629656 18001
24629376 18001
24628406 18001
24627697 18001
24626924 18001
24625886 18005
24624964 18003
24623877 18003
24623288 18001
24622577 18001
24621649 18001
24620563 18001
24619805 18003
24619677 18003
24619370 18001
24618764 18001
24617669 18001
24616677 18001
24616545 18001
24616292 18001
24615269 18001
24614890 18001
24614627 18003
24613835 18001
24613360 18001
24612768 18003
24612504 18001
24611989 18001
24611369 18001
24610656 18003
24609641 18003
24609529 18001
24608529 18001
24607633 18001
24606792 18001
24606109 18003
24605665 18003
24605357 18001
24604681 18001
24603600 18001
24602549 18003
24602040 18001
24600972 18003
24600647 18003
24600371 18003
24600111 18003
24599564 18003
24599301 18003
24599151 18003
24598836 18003
24598339 18003
24597550 18003
24597230 18003
24596858 18003
24596764 18003
24595964 18005
24594968 18001
24594603 18003
24594375 18001
24593869 18001
24592744 18003
24592614 18003
24591993 18001
24591404 18003
24590748 18003
24589635 18001
24589448 18001
24588299 18001
24588016 18001
24587538 18001
24586852 18001
24585910 18001
24585293 18001
24584667 18001
24584538 18001
24583638 18001
24582748 18001
24582428 18001
24582412 18001
24581769 18001
24581151 18003
24581019 18001
24580695 18003
24579742 18001
24579229 18001
24578810 18003
24578587 18001
24578202 18001
24577807 18003
24577766 18003
24576859 18001
24576484 18003
24575536 18001
24574365 18001
24573792 18001
24573341 18001
24572213 18001
24571847 18001
24571815 18001
24571584 18001
24570720 18001
24570381 18001
24570353 18001
24569240 18001
24568253 18001
24567325 18003
24566472 18003
24566146 18001
24566068 18001
24565597 18001
24565041 18003
24564315 18001
24563707 18001
24563232 18001
24563135 18001
24562398 18001
24561903 18001
24561561 18001
24560414 18001
24559511 18001
24559118 18003
24558659 18001
24557787 18001
24557612 18003
24557584 18003
24557289 18003
24557068 18003
24555864 18001
24555197 18001
24554150 18001
24553143 18001
24551994 18001
24551810 18001
24551197 18001
24550119 18005
24549352 18001
24548975 18001
24548638 18001
24547531 18001
24547499 18001
24546687 18001
24546643 18001
24546281 18001
24545251 18001
24544709 18001
24544241 18003
24543674 18005
24542608 18001
24542217 18001
24542124 18001
24541351 18001
24540557 18001
24539994 18001
24539973 18001
24539439 18001
24539254 18001
24538922 18001
24538578 18001
24538406 18001
24537837 18003
24536872 18001
24536106 18003
24535592 18001
24534859 18001
24534683 18001
24533488 18001
24533196 18001
24533072 18001
24532775 18001
24531796 18001
24531635 18001
24530498 18003
24529457 18001
24528929 18001
24527990 18001
24527623 18001
24527049 18001
24525939 18001
24524927 18001
24523956 18001
24522737 18003
24522623 18003
24522527 18003
24522427 18003
24522276 18003
24522055 18003
24521752 18003
24521714 18003
24521601 18003
24521131 18001
24520928 18001
24519806 18001
24518994 18001
24518264 18001
24518102 18001
24517115 18001
24516875 18001
24516871 18001
24516201 18001
24515669 18001
24514658 18001
24513815 18001
24512554 18001
24512179 18001
24511241 18003
24510745 18001
24510451 18001
24510181 18001
24509812 18001
24509776 18001
24508962 18003
24508637 18003
24508468 18003
24507550 18001
24507115 18001
24505953 18001
24504799 18001
24504517 18001
24503304 18003
24502009 18001
24501247 18001
24501143 18001
24500472 18001
24500162 18001
24499745 18001
24499350 18001
24498490 18001
24498292 18001
24497891 18001
24497631 18001
24497345 18001
24496380 18001
24495710 18001
24495454 18001
24494571 18001
24494221 18001
24493905 18001
24492722 18001
24492582 18001
24492367 18001
24491595 18001
24490619 18001
24490561 18001
24490082 18001
24489466 18005
24488962 18003
24488599 18003
24488593 18003
24487804 18001
24486690 18001
24485830 18001
24484738 18003
24483958 18001
24482871 18005
24481950 18003
24481230 18001
24481086 18001
24481080 18001
24480167 18001
24480096 18001
24479804 18001
24479063 18001
24478455 18001
24477952 18003
24477417 18001
24477242 18001
24476400 18001
24475559 18003
24474650 18005
24474123 18001
24473075 18003
24472706 18003
24472517 18003
24471391 18001
24470552 18001
24470191 18001
24469029 18001
24468320 18001
24467077 18001
24466961 18001
24466942 18001
24466644 18001
24465873 18001
24465048 18001
24465010 18001
24463765 18001
24462683 18005
24461613 18001
24460344 18001
24460148 18001
24459472 18001
24458411 18001
24457474 18003
24456168 18001
24455944 18001
24455835 18001
24455734 18001
24455141 18001
24454639 18001
24454075 18001
24452946 18001
24451860 18001
24450945 18001
24450111 18001
24449250 18003
24447950 18003
24446761 18001
24446579 18001
24445937 18003
24445348 18003
24444136 18001
24443465 18001
24442587 18001
24442477 18001
24441456 18001
24440533 18001
24439132 18003
24438863 18003
24438715 18003
24437922 18001
24437458 18001
24436610 18001
24436112 18001
24435185 18001
24434895 18001
24434661 18001
24434095 18001
24432783 18001
24431952 18001
24430893 18003
24430406 18001
24429829 18001
24429048 18001
24429043 18001
24428111 18001
24426936 18003
24425592 18001
24424863 18001
24424000 18001
24423922 18001
24423079 18001
24422404 18001
24422121 18001
24421780 18001
24420976 18001
24420136 18001
24419371 18001
24419059 18001
24417959 18001
24417026 18001
24415917 18001
24414857 18001
24413562 18001
24412446 18005
24412366 18001
24412212 18001
24410850 18001
24410195 18001
24410144 18001
24409394 18003
24408140 18001
24407591 18001
24406736 18001
24406635 18001
24406588 18001
24406203 18001
24404899 18003
24403994 18001
24403383 18001
24403139 18001
24402642 18001
24402627 18001
24402189 18001
24401427 18001
24400126 18001
24399401 18001
24398290 18001
24397653 18001
24396618 18003
24396332 18003
24395263 18003
24395035 18003
24394173 18003
24393727 18003
24392355 18003
24391402 18003
24391330 18003
24390040 18003
24388941 18001
24388807 18001
24388718 18001
24388296 18001
24388106 18001
24387141 18001
24386622 18001
24385430 18001
24384619 18003
24383287 18001
24383167 18001
24382245 18001
24382152 18001
24381526 18001
24381079 18001
24380547 18001
24379646 18001
24379360 18001
24378074 18001
24377512 18001
24377088 18001
24376732 18001
24375886 18001
24374898 18001
24374332 18001
24373130 18001
24372228 18001
24371748 18001
24371067 18001
24370079 18001
24368818 18001
24367526 18001
24366411 18001
24365054 18001
24364843 18001
24364067 18001
24363749 18001
24363540 18001
24362051 18003
24361436 18003
24361387 18003
24361286 18003
24361240 18003
24360118 18003
24359381 18001
24357902 18001
24357740 18001
24357592 18001
24356367 18001
24355433 18001
24355244 18001
24354145 18001
24353404 18001
24352359 18001
24351761 18001
24350429 18001
24349681 18001
24348700 18001
24347422 18001
24346504 18001
24346029 18001
24345519 18001
24345351 18001
24344283 18001
24343910 18001
24343512 18001
24343147 18001
24343023 18001
24342986 18001
24341666 18001
24341428 18001
24341328 18001
24339896 18001
24338618 18001
24337356 18001
24337253 18001
24336017 18001
24335137 18003
24334861 18003
24334432 18003
24333134 18001
24332664 18001
24331113 18001
24330581 18001
24329604 18001
24329561 18001
24328236 18001
24327035 18003
24325983 18001
24324918 18001
24324885 18001
24323355 18001
24323338 18001
24323112 18001
24322052 18001
24320648 18001
24320605 18001
24319742 18001
24318756 18001
24318660 18001
24318010 18001
24316797 18001
24315585 18001
24314015 18001
24313062 18001
24312131 18001
24312042 18001
24311957 18001
24310672 18001
24309286 18001
24308767 18001
24308273 18001
24307989 18001
24307479 18001
24307011 18001
24306305 18001
24304720 18003
24304493 18003
24304120 18001
24303057 18001
24302311 18001
24301889 18001
24300855 18001
24300614 18001
24300564 18001
24299003 18001
24297914 18001
24297806 18001
24297497 18003
24296967 18001
24296752 18001
24295795 18001
24294609 18001
24293161 18001
24292219 18003
24290609 18001
24290353 18001
24289852 18001
24289766 18001
24288785 18001
24288485 18001
24288451 18001
24286985 18005
24285384 18001
24283784 18001
24282434 18001
24281732 18001
24280145 18001
24278575 18001
24278059 18001
24277004 18001
24276850 18001
24276507 18003
24274967 18001
24273536 18001
24273123 18001
24271615 18001
24270700 18001
24270183 18001
24269996 18001
24269141 18001
24269013 18001
24268417 18001
24267931 18001
24266317 18005
24265343 18005
24263825 18003
24262564 18001
24261109 18001
24260075 18001
24259432 18001
24258273 18003
24257189 18003
24255634 18001
24254487 18001
24253424 18001
24252152 18001
24251907 18001
24250880 18001
24250209 18001
24250062 18001
24248531 18001
24247717 18001
24247209 18001
24245761 18001
24245122 18001
24244265 18003
24243513 18001
24242526 18003
24241146 18003
24240769 18003
24240531 18003
24239608 18001
24239219 18001
24239113 18001
24238217 18003
24236861 18003
24235194 18001
24233574 18001
24232969 18001
24231925 18001
24231309 18001
24230115 18001
24228545 18003
24226946 18003
24226232 18001
24225251 18001
24224026 18001
24223655 18001
24222203 18001
24220886 18001
24220358 18001
24219031 18001
24218518 18001
24217520 18001
24216958 18001
24216393 18001
24216169 18001
24214870 18003
24213312 18001
24212284 18003
24211204 18001
24210016 18001
24208627 18001
24207165 18001
24205874 18001
24205237 18001
24204658 18001
24203953 18001
24202253 18001
24201661 18001
24201590 18001
24200973 18001
24200871 18001
24199800 18003
24198158 18003
24197347 18001
24196944 18001
24195749 18001
24195147 18001
24193897 18001
24193623 18001
24192512 18005
24192176 18001
24191418 18003
24190969 18003
24190104 18001
24189384 18001
24189348 18001
24187729 18001
24187125 18001
24186613 18001
24185616 18001
24185531 18001
24185329 18001
24185149 18001
24184336 18001
24184081 18001
24183333 18001
24181799 18001
24181553 18001
24180236 18003
24179232 18001
24178959 18003
24178135 18001
24177730 18001
24177535 18001
24175856 18001
24175074 18001
24174269 18003
24173699 18001
24172243 18001
24171176 18001
24170109 18001
24170068 18001
24168837 18001
24167949 18001
24167017 18001
24165671 18003
24165324 18001
24165080 18001
24164864 18001
24164633 18001
24163381 18005
24161941 18001
24161489 18001
24160675 18001
24159012 18001
24158971 18001
24157393 18005
24155925 18001
24154500 18001
24153914 18001
24153161 18001
24152095 18001
24150689 18001
24149549 18001
24148894 18005
24148148 18001
24146842 18001
24145999 18001
24145308 18001
24144871 18001
24143561 18001
24143557 18001
24143066 18001
24142251 18003
24141340 18001
24140532 18003
24140090 18003
24138835 18001
24137794 18001
24137788 18001
24136298 18001
24134591 18001
24133746 18001
24132457 18003
24131692 18001
24130931 18003
24130202 18003
24128457 18001
24126832 18003
24125279 18001
24124728 18001
24124108 18001
24123261 18001
24121932 18001
24120800 18001
24119930 18001
24119607 18001
24119566 18001
24117819 18001
24116824 18001
24116329 18003
24115040 18003
24114646 18001
24113710 18001
24112219 18001
24110912 18001
24109126 18001
24107852 18003
24107699 18003
24107281 18001
24106613 18001
24105579 18001
24104080 18001
24103199 18001
24101467 18003
24099833 18003
24098174 18001
24097514 18001
24095915 18001
24095060 18001
24093464 18001
24091964 18001
24090492 18001
24089843 18001
24088801 18001
24088632 18001
24087742 18001
24087019 18001
24086785 18001
24085943 18001
24084193 18001
24083480 18003
24081952 18003
24081627 18003
24079948 18003
24078731 18001
24077742 18001
24076750 18003
24076716 18003
24076180 18001
24075411 18003
24074692 18001
24073762 18001
24073285 18001
24071660 18001
24070811 18003
24069346 18001
24068526 18001
24067652 18001
24066397 18001
24064689 18003
24064032 18001
24063721 18001
24063011 18001
24062348 18001
24060998 18001
24060760 18001
24059179 18001
24058921 18001
24058435 18001
24057826 18003
24056469 18001
24055283 18001
24054967 18001
24053942 18001
24053555 18001
24052681 18003
24051293 18001
24050542 18001
24049615 18001
24049549 18001
24048681 18001
24047684 18001
24046662 18001
24045974 18003
24045187 18003
24043938 18001
24043607 18001
24042643 18001
24042357 18001
24041424 18003
24041269 18003
24040972 18003
24039726 18003
24039508 18003
24038556 18001
24037811 18001
24037329 18001
24036640 18001
24036291 18001
24035356 18001
24034713 18001
24033642 18001
24032163 18003
24031875 18003
24031654 18003
24030442 18003
24029920 18001
24028936 18001
24028868 18001
24028085 18001
24027021 18001
24026698 18001
24024884 18001
24023450 18001
24022454 18003
24022430 18003
24022294 18003
24020968 18001
24019945 18003
24019517 18003
24019132 18003
24018590 18001
24017886 18001
24016250 18003
24015493 18001
24014497 18001
24012778 18001
24011546 18001
24010533 18001
24009145 18001
24007644 18001
24006655 18001
24006085 18001
24005651 18001
24005044 18001
24004939 18001
24003286 18005
24002177 18001
24001052 18003
24000003 18001
23998086 18001
23996567 18001
23995206 18001
23993388 18001
23993002 18001
23992536 18001
23990675 18001
23990136 18001
23989016 18001
23988713 18001
23988450 18001
23987633 18001
23986810 18001
23986509 18001
23984709 18001
23983120 18001
23981809 18001
23980206 18001
23980007 18001
23978351 18001
23977961 18001
23976226 18001
23975506 18001
23975238 18001
23975036 18001
23973708 18005
23973318 18005
23972111 18001
23971599 18001
23970765 18003
23970436 18003
23968697 18001
23967006 18005
23966008 18001
23964391 18001
23964294 18001
23963523 18001
23962669 18003
23962017 18001
23960799 18003
23960330 18003
23960124 18003
23960060 18003
23958761 18001
23958235 18001
23956336 18001
23956113 18001
23954983 18001
23954125 18001
23953676 18001
23952841 18001
23951595 18001
23950106 18003
23949236 18003
23947733 18005
23946725 18001
23946508 18001
23945299 18001
23945058 18001
23945050 18001
23943693 18001
23941841 18001
23940054 18003
23938986 18001
23938824 18001
23938087 18001
23936886 18001
23935930 18001
23935031 18001
23933890 18001
23933706 18001
23932339 18001
23930974 18001
23929415 18001
23927455 18001
23926289 18001
23924807 18003
23924634 18003
23924314 18005
23923948 18005
23922017 18003
23921561 18003
23920658 18005
23919929 18005
23918595 18003
23916864 18003
23915101 18001
23913561 18001
23913346 18001
23912038 18001
23911174 18001
23909585 18001
23909119 18001
23908460 18001
23907790 18001
23905850 18001
23905156 18001
23904002 18003
23903115 18001
23901528 18001
23899937 18001
23899555 18001
23899340 18001
23899125 18001
23897162 18003
23897000 18003
23895596 18005
23894877 18005
23893187 18003
23892201 18005
23891135 18003
23890244 18003
23888807 18003
23887530 18003
23885898 18005
23885168 18005
23884190 18003
23883530 18003
23881952 18003
23880732 18003
23879467 18003
23879051 18003
23878274 18003
23877290 18003
23876928 18003
23876206 18003
23875307 18003
23874975 18003
23873798 18003
23872727 18007
23871510 18003
23870780 18003
23869327 18003
23867886 18005
23867656 18005
23867005 18005
23866112 18003
23865176 18003
23863786 18003
23863229 18003
23861285 18001
23859542 18001
23858098 18001
23856760 18001
23855804 18003
23855497 18003
23854141 18003
23852911 18001
23851953 18001
23851821 18001
23851437 18001
23849931 18001
23849354 18001
23848918 18001
23848492 18001
23848336 18001
23847169 18001
23845827 18001
23845307 18001
23843687 18001
23843332 18001
23841607 18001
23839977 18001
23838914 18001
23838550 18001
23836673 18001
23835691 18001
23834423 18001
23833696 18003
23832044 18003
23830236 18003
23828280 18001
23826961 18001
23826533 18001
23826059 18001
23824517 18001
23823790 18001
23821954 18003
23821272 18003
23820320 18003
23818344 18005
23817292 18001
23816914 18001
23815114 18001
23814372 18001
23814342 18001
23813103 18001
23811173 18001
23809757 18001
23808016 18001
23806555 18001
23805567 18001
23804945 18001
23804720 18001
23802628 18001
23802420 18001
23802417 18001
23801449 18001
23799955 18001
23797823 18001
23797291 18001
23796845 18001
23794869 18001
23793786 18001
23793690 18001
23793376 18001
23791467 18001
23791391 18001
23789974 18003
23789504 18003
23788450 18003
23787180 18003
23786410 18001
23785730 18001
23785566 18001
23784031 18001
23783299 18001
23781846 18001
23781244 18001
23779843 18001
23779550 18001
23778240 18001
23777998 18001
23777855 18001
23776306 18001
23774697 18001
23774303 18001
23773503 18001
23773067 18001
23771173 18001
23770386 18001
23770222 18001
23768644 18001
23768010 18001
23767457 18001
23765766 18001
23764832 18001
23764531 18001
23762737 18001
23762578 18003
23760404 18001
23758306 18001
23757603 18001
23756824 18001
23754806 18001
23754706 18001
23753141 18001
23752543 18001
23750964 18001
23749567 18001
23748353 18001
23747251 18001
23746701 18001
23745990 18003
23744725 18001
23743392 18001
23743261 18001
23741617 18001
23739490 18001
23737492 18001
23736874 18001
23736127 18001
23733934 18001
23731733 18001
23731119 18001
23730570 18001
23728857 18001
23728086 18001
23727251 18001
23726673 18001
23726518 18001
23725686 18001
23725198 18001
23724313 18001
23723468 18001
23723144 18001
23722141 18001
23720499 18001
23720403 18001
23718581 18001
23717729 18001
23716366 18003
23715627 18005
23715008 18003
23713727 18003
23711722 18001
23709781 18003
23708345 18001
23707660 18001
23706563 18001
23705335 18001
23704051 18001
23702991 18001
23701773 18003
23700487 18003
23698820 18001
23697844 18003
23697841 18003
23696187 18005
23695156 18003
23694565 18003
23692731 18001
23690862 18001
23689817 18001
23687875 18001
23685955 18001
23685359 18001
23684650 18001
23683295 18001
23682594 18001
23680838 18001
23679424 18001
23678158 18001
23676456 18001
23674444 18001
23674120 18001
23672613 18001
23671685 18001
23669927 18001
23668532 18001
23666482 18001
23664262 18001
23663828 18001
23663772 18001
23663356 18001
23662425 18001
23660670 18003
23659268 18003
23658325 18003
23657935 18003
23657780 18003
23656240 18001
23654003 18003
23652751 18003
23652422 18003
23650493 18001
23650384 18001
23649476 18001
23647635 18001
23646124 18001
23645320 18001
23643960 18001
23643304 18001
23641205 18003
23640405 18003
23638520 18001
23636903 18001
23635380 18001
23634819 18001
23634504 18001
23632389 18001
23632041 18001
23631782 18001
23631537 18001
23631118 18001
23630421 18001
23629219 18003
23627824 18001
23626534 18001
23624363 18003
23623403 18003
23622736 18003
23622111 18003
23621180 18003
23619239 18003
23618305 18003
23617708 18003
23615640 18003
23614592 18003
23612952 18003
23612481 18003
23611425 18003
23610718 18003
23610421 18003
23610394 18003
23609687 18003
23607478 18001
23605790 18001
23604360 18001
23603908 18003
23602720 18001
23601489 18001
23599192 18001
23597717 18001
