115 1885
136 1047
382 1619
673 1329
765 1387
864 1401
889 1111
1106 1077
1235 1275
1411 1557
1615 1283
1645 1363
1744 1605
1778 1275
1800 1401
1926 1411
2054 1625
2199 1455
2295 1397
2412 1463
2589 1425
2623 1471
2682 1503
2758 1659
2938 1515
3079 1663
3238 1545
3280 1549
3491 1535
3571 1513
3650 1571
3684 1703
3880 1569
4109 1571
4111 1597
4285 1735
4489 1609
4593 1611
4662 1615
4755 1735
4903 1625
4910 1617
5131 1625
5191 1627
5278 1743
5318 1651
5357 1651
5555 1639
5783 1657
5825 1663
5918 1769
5964 1645
6060 1669
6166 1673
6168 1669
6205 1761
6249 1673
6343 1651
6370 1649
6450 1673
6570 1677
6763 1673
6837 1691
6987 1685
7022 1685
7172 1661
7194 1715
7271 1663
7327 1687
7337 1679
7601 1667
7717 1673
7846 1675
7865 1723
7972 1689
8101 1681
8166 1715
8421 1679
8462 1727
8680 1715
8705 1681
9035 1719
9245 1721
9267 1747
9390 1735
9419 1725
9531 1739
9611 1705
9686 1739
9854 1725
10022 1745
10128 1697
10161 1739
10436 1731
10477 1725
10593 1711
10632 1723
10645 1731
10737 1751
10836 1753
10883 1757
11264 1711
11330 1741
11346 1703
11410 1747
11617 1759
11848 1743
12023 1741
12046 1735
12085 1747
12096 1749
12181 1733
12189 1757
12239 1733
12299 1735
12354 1735
12556 1735
12580 1727
12762 1727
12884 1743
12885 1741
12895 1739
12923 1719
13150 1725
13259 1739
13296 1745
13344 1747
13667 1755
13668 1715
13861 1735
13967 1741
14129 1743
14137 1741
14197 1733
14202 1745
14214 1741
14394 1731
14557 1779
14705 1753
14905 1737
15001 1743
15104 1739
15118 1721
15284 1741
15763 1733
15807 1735
15808 1753
16036 1729
16204 1741
16336 1741
16466 1767
16674 1749
16826 1747
16839 1753
16986 1737
17053 1775
17183 1731
17297 1771
17404 1725
17453 1719
17467 1729
17714 1745
17785 1703
17861 1753
17890 1759
18028 1767
18110 1699
18179 1767
18240 1765
18269 1703
18284 1759
18296 1755
18493 1725
18601 1727
18603 1739
18614 1723
18630 1741
18640 1737
18802 1709
18979 1757
19138 1691
19191 1733
19223 1721
19285 1737
19295 1735
19415 1747
19552 1735
19603 1749
19962 1745
20068 1753
20102 1677
20129 1711
20222 1751
20226 1747
20257 1683
20399 1725
20604 1667
20793 1733
20886 1717
20936 1685
20946 1719
20952 1773
20976 1701
21067 1723
21154 1689
21313 1681
21324 1723
21351 1725
21585 1719
21632 1725
21673 1711
21828 1727
21899 1711
21972 1693
22086 1707
22128 1669
22246 1695
22311 1715
22511 1723
22636 1743
22734 1699
22795 1749
22905 1703
23069 1719
23105 1745
23112 1673
23180 1651
23284 1741
23370 1675
23502 1657
23633 1707
23714 1705
23791 1713
23824 1685
23913 1667
24120 1707
24399 1701
24577 1659
24641 1663
24663 1671
24695 1629
25017 1637
25274 1685
25294 1695
25521 1691
25581 1731
25770 1673
25775 1711
25790 1723
25798 1697
26034 1689
26110 1691
26169 1683
26289 1705
26432 1673
26448 1687
26497 1685
26645 1701
26725 1657
26812 1703
26909 1687
27052 1695
27111 1691
27142 1693
27150 1689
27182 1691
27199 1645
27430 1617
27544 1647
27549 1661
27550 1665
27899 1665
27979 1681
28039 1653
28118 1617
28120 1665
28149 1645
28312 1649
28422 1623
28487 1623
28532 1627
28615 1637
28860 1713
28868 1689
28885 1713
29160 1711
29162 1715
29167 1707
29244 1673
29285 1665
29596 1657
29793 1621
29831 1647
29918 1639
29930 1623
29945 1627
30331 1629
30410 1623
30514 1599
30543 1633
30625 1613
30758 1671
30779 1637
30987 1655
31112 1619
31159 1637
31251 1619
31293 1635
31295 1621
31441 1597
31814 1589
31925 1603
31970 1629
32006 1629
32122 1639
32408 1605
32431 1585
32436 1583
32672 1619
32708 1575
32861 1591
32920 1653
32937 1595
32969 1641
33067 1615
33135 1599
33316 1627
33339 1615
33429 1591
33531 1589
33573 1593
33662 1647
33725 1599
33936 1631
34081 1641
34096 1647
34193 1593
34239 1605
34343 1587
34478 1641
34661 1599
34692 1625
34693 1619
34725 1629
34752 1625
34910 1589
34951 1613
35042 1593
35183 1623
35461 1645
35564 1557
35676 1575
35736 1591
35761 1585
35790 1551
35801 1597
36015 1597
36089 1559
36222 1613
36240 1529
36473 1577
36643 1549
36653 1659
36692 1617
36824 1587
36980 1609
36997 1671
37138 1591
37397 1583
37422 1561
37533 1625
37566 1695
37671 1673
37759 1565
37879 1607
37944 1569
38177 1563
38294 1605
38379 1567
38431 1577
38450 1567
38610 1605
38620 1637
38705 1621
38772 1619
38948 1601
39129 1603
39167 1589
39225 1617
39254 1649
39281 1645
39331 1605
39345 1633
39480 1625
39518 1617
39612 1639
39657 1603
39749 1635
39857 1659
39923 1615
39944 1611
40066 1609
40095 1539
40113 1589
40451 1503
40457 1601
40535 1583
40720 1581
40744 1599
40823 1599
40904 1543
40944 1593
40957 1559
41096 1523
41208 1585
41238 1601
41358 1565
41366 1585
41502 1583
41515 1579
41543 1613
41563 1563
41628 1585
41687 1599
41782 1571
41788 1605
41878 1559
41918 1599
41957 1605
41960 1593
41984 1587
42006 1581
42182 1547
42400 1593
42409 1593
42493 1589
42555 1589
42560 1595
42592 1569
42745 1545
42792 1571
43064 1567
43106 1533
43271 1547
43347 1577
43378 1531
43451 1573
43864 1607
43940 1539
43941 1553
43950 1603
43957 1603
44167 1605
44290 1569
44310 1533
44528 1531
44675 1531
44735 1621
44811 1553
44957 1551
45059 1567
45077 1489
45094 1525
45123 1527
45240 1531
45310 1565
45335 1577
45414 1573
45426 1531
45598 1525
45726 1533
45745 1487
45821 1511
45879 1505
46135 1559
46136 1469
46258 1507
46282 1587
46311 1579
46644 1553
46705 1531
46855 1587
46861 1531
46931 1597
47001 1541
47237 1561
47254 1539
47342 1523
47601 1563
47702 1557
47703 1467
47797 1585
48004 1487
48037 1569
48125 1469
48134 1605
48247 1517
48323 1577
48326 1575
48563 1621
48629 1581
48755 1573
48772 1493
48983 1471
49072 1517
49093 1523
49338 1517
49384 1517
49414 1601
49456 1525
49564 1525
49602 1517
49726 1521
49919 1505
50053 1541
50124 1525
50218 1529
50221 1571
50248 1569
50327 1557
50384 1511
50388 1529
50476 1517
50514 1495
50544 1491
50559 1543
50590 1499
50868 1517
50936 1535
51108 1567
51235 1519
51294 1545
51326 1553
51394 1563
51420 1561
51464 1509
51534 1541
51619 1563
51669 1555
51850 1543
51910 1517
51934 1549
51968 1497
52003 1539
52123 1539
52206 1541
52329 1513
52445 1497
52602 1477
52639 1475
52801 1517
52850 1527
52920 1527
52987 1561
53045 1517
53107 1533
53178 1471
53205 1503
53263 1531
53297 1495
53316 1505
53394 1545
53708 1527
53762 1547
53795 1533
53843 1471
53897 1509
53904 1537
54561 1543
54567 1541
54624 1491
54702 1527
54762 1495
54764 1551
54925 1511
54987 1497
55000 1535
55305 1489
55344 1509
55356 1505
55568 1487
55584 1507
55609 1541
55640 1529
55705 1543
55759 1471
55843 1511
55916 1501
56019 1535
56305 1465
56421 1463
56435 1461
56444 1527
56484 1553
56614 1483
56727 1465
56927 1527
56951 1509
57079 1457
57148 1447
57230 1463
57262 1457
57360 1449
57468 1515
57673 1465
57675 1469
57876 1459
57902 1479
57967 1553
58083 1499
58099 1501
58227 1475
58234 1509
58404 1475
58580 1521
58632 1519
58654 1483
58790 1477
58889 1517
58893 1495
59032 1521
59042 1465
59223 1495
59229 1467
59323 1511
59332 1523
59549 1479
59550 1511
59592 1475
59670 1465
59721 1493
59774 1497
59800 1533
59822 1527
59876 1481
59897 1543
60289 1483
60436 1525
60513 1473
60540 1511
60543 1501
60663 1513
60680 1515
60710 1473
60965 1491
61070 1495
61081 1495
61087 1497
61113 1503
61165 1507
61223 1495
61544 1449
61628 1503
61679 1449
61680 1493
61781 1473
61925 1473
62023 1437
62326 1479
62440 1497
62519 1537
62554 1453
62670 1489
62838 1485
62862 1465
62866 1463
63014 1451
63044 1463
63090 1469
63141 1477
63183 1463
63257 1467
63317 1523
63489 1453
63562 1453
63702 1481
63822 1457
63827 1473
63904 1451
64131 1493
64248 1473
64285 1459
64324 1499
64373 1449
64580 1445
64648 1461
64651 1433
64936 1437
64937 1463
65005 1459
65046 1465
65096 1471
65143 1449
65234 1459
65262 1467
65435 1497
65496 1451
65724 1497
65807 1477
65892 1453
65991 1411
66160 1465
66222 1459
66224 1453
66235 1461
66309 1461
66389 1469
66401 1493
66410 1485
66641 1467
66794 1461
66796 1439
66826 1457
67129 1457
67204 1511
67301 1447
67494 1455
67621 1521
67622 1451
67679 1465
67816 1431
67939 1545
67954 1473
68277 1439
68401 1421
68467 1499
68653 1495
68662 1455
68746 1439
68987 1417
69150 1451
69232 1441
69305 1485
69312 1439
69438 1445
69533 1489
69620 1431
69666 1495
69677 1443
69784 1425
69790 1437
69850 1403
70051 1455
70144 1455
70330 1413
70365 1471
70451 1445
70465 1433
70509 1463
70620 1429
70645 1431
70662 1409
70710 1453
70935 1461
70974 1417
71012 1451
71120 1409
71184 1461
71198 1427
71486 1429
71503 1433
71628 1431
71835 1519
71916 1463
71995 1435
72014 1515
72017 1461
72045 1431
72171 1509
72265 1461
72364 1517
72451 1449
72604 1523
72793 1437
72799 1507
72855 1393
72893 1499
72970 1491
73025 1437
73041 1419
73189 1503
73378 1475
73424 1479
73434 1435
73589 1507
73637 1425
73677 1495
73691 1443
73846 1443
73878 1469
74257 1389
74278 1429
74300 1487
74435 1397
74443 1403
74453 1441
74739 1407
74740 1405
74750 1435
74848 1479
74961 1463
74981 1461
75272 1429
75410 1415
75444 1423
75498 1461
75642 1451
75734 1409
75760 1445
75832 1433
76016 1473
76132 1457
76206 1447
76224 1479
76228 1473
76257 1407
76344 1491
76491 1485
76879 1403
76883 1415
76891 1391
76894 1489
76995 1517
77268 1527
77285 1407
77449 1441
77538 1441
77580 1461
77835 1509
77884 1385
78118 1493
78180 1421
78334 1435
78365 1385
78367 1477
78402 1369
78417 1379
78520 1365
78644 1455
78874 1441
78884 1431
79051 1403
79075 1359
79183 1447
79225 1467
79374 1439
79438 1469
79458 1403
79818 1449
79824 1453
79849 1377
79862 1409
79887 1437
79898 1461
79980 1445
79989 1409
80001 1379
80227 1375
80229 1437
80268 1409
80309 1461
80456 1389
80573 1437
80576 1477
80773 1415
80851 1415
80872 1403
80913 1433
80933 1441
80939 1409
81211 1449
81263 1425
81341 1403
81701 1415
81706 1427
81709 1421
81721 1421
81905 1389
82120 1445
82227 1387
82234 1457
82295 1437
82320 1397
82393 1383
82403 1463
82445 1463
82709 1455
82765 1393
82942 1371
82989 1435
83014 1425
83028 1453
83153 1391
83203 1457
83340 1449
83634 1431
83765 1435
83779 1405
83794 1395
83852 1409
83853 1445
84008 1457
84055 1405
84099 1425
84105 1399
84344 1395
84563 1427
84681 1387
84800 1427
84826 1367
84896 1451
84984 1367
84996 1435
85246 1391
85335 1417
85468 1437
85492 1369
85757 1419
86061 1411
86087 1375
86091 1375
86140 1389
86196 1407
86236 1453
86391 1455
86420 1397
86535 1397
86574 1371
86759 1407
86810 1461
86817 1403
86906 1415
86933 1411
87057 1423
87089 1411
87144 1419
87210 1415
87301 1427
87620 1431
87672 1409
87687 1409
87730 1423
87975 1401
88046 1425
88051 1399
88086 1437
88098 1437
88112 1401
88398 1415
88456 1413
88704 1403
88774 1407
88810 1419
88830 1391
88899 1403
88998 1415
89282 1387
89304 1407
89353 1399
89386 1427
89451 1417
89589 1409
89593 1403
89742 1443
89749 1399
90018 1419
90151 1359
90200 1423
90382 1425
90405 1405
90436 1401
90520 1361
90530 1407
90670 1431
90677 1417
90698 1417
90746 1417
90999 1419
91061 1433
91120 1399
91165 1415
91167 1399
91304 1395
91422 1401
91511 1423
91540 1403
91647 1357
91667 1433
91675 1403
91701 1409
91739 1415
91856 1431
91908 1423
91931 1363
92006 1361
92036 1417
92054 1403
92103 1433
92129 1429
92345 1405
92413 1429
92641 1403
92660 1413
92702 1391
92797 1387
92837 1395
92842 1409
93042 1441
93100 1393
93242 1389
93258 1413
93306 1401
93344 1419
93372 1387
93604 1437
93657 1439
93693 1425
93704 1417
93770 1405
93804 1439
93831 1443
93912 1421
93937 1383
94402 1417
94431 1389
94459 1437
94482 1435
94530 1411
94610 1393
94833 1403
94925 1367
94946 1393
94977 1397
94989 1409
95176 1405
95182 1405
95208 1401
95287 1361
95350 1377
95421 1381
95564 1365
95606 1419
95625 1391
95784 1373
95802 1371
95835 1393
95853 1421
95932 1385
95952 1421
95960 1419
96121 1385
96500 1385
96505 1405
96506 1405
96561 1413
96604 1395
96841 1419
96881 1403
96987 1407
97055 1413
97174 1421
97213 1391
97268 1407
97269 1393
97323 1403
97593 1413
97706 1397
97718 1401
97779 1413
97900 1403
97924 1385
97947 1431
97978 1379
98020 1381
98033 1407
98296 1411
98326 1387
98486 1409
98496 1401
98533 1403
98536 1399
98785 1419
98862 1405
98953 1425
99000 1391
99034 1405
99105 1377
99155 1407
99407 1403
99544 1413
99609 1403
99625 1397
99640 1401
100053 1405
100171 1393
100204 1391
100298 1381
100325 1399
100493 1409
100597 1391
100786 1405
100799 1397
100878 1403
101087 1373
101131 1379
101160 1379
101177 1383
101234 1375
101262 1373
101269 1425
101278 1383
101388 1389
101429 1433
101442 1399
101475 1419
101680 1413
101711 1417
101717 1413
101718 1417
101770 1415
101840 1381
101863 1427
101886 1429
101898 1387
101948 1375
102031 1381
102058 1407
102257 1407
102329 1415
102381 1375
102502 1379
102624 1417
102792 1365
102849 1403
103052 1381
103134 1395
103328 1379
103362 1399
103384 1357
103490 1379
103507 1347
103543 1363
103750 1389
104018 1445
104117 1401
104130 1357
104165 1353
104202 1365
104367 1369
104378 1371
104385 1367
104553 1369
104608 1375
104620 1365
104671 1381
104719 1407
104827 1379
104864 1383
105009 1379
105012 1377
105033 1375
105044 1405
105185 1375
105248 1385
105372 1385
105472 1395
105499 1393
105575 1395
105631 1393
105802 1367
105835 1371
105900 1411
106011 1361
106054 1375
106116 1403
106239 1409
106282 1375
106382 1409
106453 1415
106458 1385
106498 1381
106631 1425
106762 1361
106827 1375
106835 1401
106847 1391
106955 1409
107008 1395
107200 1355
107284 1385
107353 1375
107520 1403
107577 1405
107588 1373
107605 1395
107623 1377
107930 1433
108032 1419
108058 1373
108096 1401
108292 1373
108311 1371
108378 1387
108405 1359
108447 1411
108518 1371
108523 1389
108631 1391
108675 1389
108698 1377
108750 1405
108846 1413
108859 1367
108878 1371
108929 1395
109029 1379
109069 1401
109103 1337
109128 1377
109132 1383
109139 1363
109462 1381
109576 1369
109739 1399
109762 1379
109823 1389
109853 1393
110017 1391
110048 1341
110103 1391
110314 1407
110465 1361
110572 1371
110582 1383
110633 1391
110643 1403
110673 1347
110748 1369
110770 1381
110917 1377
110923 1377
111169 1385
111188 1379
111199 1361
111222 1385
111225 1397
111311 1395
111370 1371
111415 1419
111482 1387
111484 1395
111642 1391
111805 1391
111837 1383
111857 1381
111877 1369
111882 1379
112110 1383
112224 1379
112290 1375
112309 1387
112336 1363
112376 1383
112551 1383
112599 1401
112675 1399
112726 1395
112764 1367
112766 1365
112903 1363
112941 1389
112947 1401
113086 1357
113113 1383
113236 1377
113299 1397
113339 1361
113349 1393
113549 1395
113630 1401
113643 1403
113655 1379
113739 1391
113813 1395
113824 1405
113846 1403
113848 1403
114101 1369
114105 1369
114176 1377
114379 1385
114495 1389
114562 1371
114626 1385
114722 1391
114845 1371
114950 1373
115041 1381
115051 1367
115110 1373
115113 1371
115416 1375
115486 1373
115545 1383
115548 1367
115561 1393
115647 1361
115745 1349
115811 1393
115861 1369
115911 1383
115943 1367
115991 1377
116122 1377
116162 1399
116191 1361
116312 1351
116349 1349
116417 1409
116452 1375
116520 1381
116728 1357
116812 1407
116828 1355
116855 1383
116953 1383
116976 1401
117176 1399
117256 1351
117438 1369
117490 1365
117497 1385
117528 1399
117541 1403
117735 1371
117891 1377
117959 1343
118014 1397
118026 1401
118072 1355
118306 1397
118406 1399
118411 1387
118422 1379
118459 1381
118483 1369
118487 1389
118551 1365
118844 1395
118970 1377
119008 1359
119026 1385
119123 1359
119280 1373
119413 1371
119524 1377
119534 1385
119567 1369
119613 1385
119658 1343
119661 1371
119766 1373
119904 1379
119984 1371
119992 1367
120013 1385
120080 1381
120173 1387
120187 1419
120282 1407
120291 1395
120349 1361
120362 1373
120500 1423
120646 1405
120757 1359
120891 1373
120905 1393
121035 1359
121094 1411
121178 1373
121292 1391
121478 1405
121559 1399
121563 1359
121572 1375
121592 1355
121627 1377
121781 1381
121797 1363
121865 1379
121870 1395
121912 1405
121917 1375
121975 1377
122000 1341
122012 1399
122097 1383
122381 1363
122385 1387
122434 1347
122552 1387
122588 1363
122599 1363
122622 1405
122832 1389
122856 1367
122873 1371
123022 1379
123075 1379
123135 1363
123147 1361
123150 1375
123183 1369
123462 1371
123492 1381
123538 1361
123638 1367
123653 1341
123770 1377
123891 1369
123894 1377
123963 1399
124136 1375
124161 1391
124293 1367
124312 1373
124316 1371
124430 1377
124561 1365
124596 1383
124724 1381
124735 1383
124858 1361
124901 1389
124985 1359
125178 1377
125188 1375
125206 1361
125264 1379
125288 1371
125422 1363
125454 1385
125459 1321
125557 1399
125762 1377
125905 1381
125913 1343
126042 1377
126069 1387
126106 1379
126123 1393
126366 1389
126430 1369
126513 1375
126516 1371
126551 1371
126616 1401
126712 1389
126775 1403
126890 1349
127037 1387
127047 1397
127060 1371
127207 1377
127299 1381
127395 1369
127500 1347
127517 1371
127563 1393
127621 1383
127813 1391
127875 1379
127916 1391
127964 1349
128057 1367
128249 1367
128297 1355
128408 1371
128409 1369
128441 1399
128481 1387
128685 1381
128894 1361
128898 1359
128900 1379
128940 1375
129015 1363
129030 1385
129086 1373
129220 1375
129271 1367
129358 1379
129516 1345
129525 1415
129574 1333
129576 1361
129716 1373
129781 1351
129909 1401
130000 1369
130190 1363
130213 1359
130320 1387
130325 1369
130455 1377
130538 1363
130587 1349
130687 1351
130694 1363
130723 1377
130972 1365
131012 1353
131014 1363
131030 1365
131059 1367
131171 1345
131260 1387
131286 1369
131426 1341
131468 1335
131548 1349
131581 1345
131600 1375
131749 1319
131770 1347
131909 1357
131936 1329
131941 1335
132037 1371
132089 1363
132197 1353
132266 1353
132340 1359
132344 1337
132499 1339
132500 1397
132517 1365
132578 1349
132585 1353
132824 1369
132961 1347
133000 1353
133073 1353
133082 1357
133108 1375
133115 1355
133137 1353
133172 1363
133236 1371
133383 1339
133470 1341
133510 1349
133731 1341
133750 1351
133780 1367
133827 1361
133930 1357
133986 1355
134152 1377
134163 1343
134222 1365
134308 1353
134363 1355
134427 1373
134522 1347
134527 1347
134770 1387
134808 1369
134856 1357
134867 1375
134897 1395
135003 1377
135042 1391
135154 1361
135385 1403
135515 1383
135585 1333
135605 1375
135671 1387
135733 1397
135770 1367
135929 1373
136187 1375
136200 1387
136224 1369
136256 1363
136308 1369
136350 1377
136380 1345
136395 1373
136625 1377
136668 1385
136681 1341
136751 1379
136776 1401
136894 1359
136910 1399
137047 1369
137086 1329
137250 1379
137277 1357
137450 1367
137501 1363
137634 1367
137674 1339
137687 1383
137782 1377
137848 1361
137858 1349
137906 1369
137996 1409
138025 1375
138111 1383
138184 1375
138297 1377
138319 1395
138324 1365
138353 1369
138492 1333
138531 1327
138538 1321
138653 1381
138669 1355
138763 1383
138971 1357
138987 1383
139017 1377
139083 1365
139112 1377
139176 1357
139264 1367
139277 1353
139314 1345
139326 1373
139391 1339
139410 1353
139466 1355
139578 1363
139642 1355
139673 1347
139681 1369
139716 1371
139769 1353
139940 1335
139961 1365
140003 1341
140072 1365
140167 1353
140226 1361
140261 1345
140272 1375
140342 1359
140494 1337
140496 1337
140533 1351
140612 1337
140676 1367
140742 1343
140764 1369
140860 1345
140941 1349
141190 1355
141272 1347
141320 1343
141326 1357
141343 1377
141380 1343
141429 1377
141492 1367
141494 1335
141637 1363
141716 1357
141804 1339
141828 1373
141833 1363
142056 1373
142063 1355
142193 1349
142311 1345
142344 1373
142480 1357
142588 1367
142654 1371
142790 1363
142791 1367
142793 1349
142794 1371
142866 1359
142925 1343
142960 1373
143002 1353
143003 1383
143251 1347
143337 1387
143357 1341
143360 1377
143369 1399
143484 1375
143526 1363
143542 1363
143684 1383
143701 1389
143794 1371
143922 1359
143927 1357
143989 1367
144042 1349
144067 1385
144251 1381
144258 1373
144280 1369
144465 1335
144502 1335
144518 1355
144574 1357
144610 1375
144638 1329
144720 1357
144751 1357
144819 1371
144856 1369
144878 1365
145007 1359
145173 1369
145182 1371
145219 1367
145259 1379
145300 1377
145303 1373
145402 1363
145460 1373
145470 1375
145486 1373
145488 1371
145573 1349
145639 1365
145901 1383
145906 1361
145916 1363
145965 1363
146077 1361
146095 1367
146166 1357
146177 1361
146212 1367
146257 1357
146433 1389
146492 1369
146542 1373
146733 1357
146775 1365
146820 1359
147015 1365
147051 1369
147062 1359
147134 1351
147160 1367
147248 1347
147301 1375
147466 1373
147526 1369
147561 1373
147594 1345
147607 1377
147629 1379
147652 1359
147669 1375
147680 1363
147698 1387
147998 1355
148032 1367
148103 1357
148173 1375
148185 1363
148206 1351
148223 1341
148418 1347
148424 1359
148444 1349
148547 1357
148551 1357
148622 1345
148706 1359
148786 1365
149040 1345
149121 1353
149166 1359
149177 1347
149260 1373
149278 1335
149311 1369
149333 1365
149445 1367
149469 1349
149505 1357
149506 1361
149619 1341
149701 1373
149708 1353
149766 1369
149825 1351
149901 1357
149915 1373
149961 1359
149963 1353
150087 1355
150099 1351
150138 1345
150244 1375
150249 1363
150408 1347
150442 1361
150464 1361
150466 1363
150535 1353
150620 1355
150725 1353
150790 1353
150929 1359
150946 1361
150993 1385
151012 1375
151023 1373
151037 1365
151160 1353
151363 1365
151409 1367
151466 1357
151498 1369
151527 1373
151535 1365
151549 1371
151570 1347
151709 1377
151922 1337
151991 1357
152012 1349
152024 1361
152063 1371
152302 1365
152352 1365
152362 1357
152393 1345
152411 1349
152511 1349
152519 1387
152529 1387
152557 1351
152576 1371
152629 1347
152757 1345
152868 1383
152939 1373
152961 1337
153033 1337
153063 1363
153152 1357
153156 1367
153213 1377
153219 1357
153263 1381
153577 1369
153626 1365
153658 1361
153683 1363
153753 1359
153810 1355
153892 1361
153971 1369
153986 1375
154057 1347
154113 1387
154258 1361
154355 1313
154399 1373
154455 1371
154512 1385
154647 1361
154673 1355
154696 1365
154742 1307
154773 1359
155052 1363
155079 1359
155104 1361
155186 1371
155218 1369
155219 1357
155261 1357
155309 1357
155342 1377
155373 1343
155412 1331
155685 1363
155697 1353
155703 1359
155765 1375
155884 1351
155935 1377
155997 1347
156048 1365
156120 1365
156148 1359
156150 1359
156298 1351
156336 1387
156455 1365
156463 1349
156505 1347
156542 1361
156561 1355
156649 1363
156684 1365
156753 1351
156820 1341
156907 1369
156935 1367
157031 1341
157120 1363
157132 1383
157133 1337
157253 1355
157296 1363
157327 1359
157426 1347
157497 1353
157564 1345
157599 1357
157790 1363
157858 1349
157881 1337
157899 1309
157916 1313
157927 1345
157961 1339
158100 1367
158104 1333
158305 1319
158332 1341
158359 1323
158505 1365
158670 1349
158673 1371
158760 1367
158780 1329
158920 1355
158938 1359
159046 1327
159086 1357
159252 1343
159360 1323
159370 1371
159371 1325
159416 1355
159613 1329
159679 1355
159780 1339
159864 1357
159954 1333
159963 1351
160083 1345
160136 1347
160151 1363
160355 1345
160456 1383
160464 1319
160557 1347
160609 1353
160642 1359
160652 1347
160664 1357
160904 1337
160906 1347
160958 1341
160993 1329
161011 1349
161068 1327
161108 1359
161160 1321
161203 1313
161209 1341
161290 1329
161461 1335
161535 1357
161622 1335
161625 1335
161642 1323
161690 1355
161722 1341
161817 1325
161848 1345
161888 1329
161970 1337
162035 1331
162047 1329
162079 1339
162121 1339
162147 1333
162253 1357
162298 1331
162348 1355
162407 1343
162440 1341
162566 1347
162690 1343
162693 1369
162704 1345
162771 1327
162846 1343
162901 1367
162968 1341
163036 1343
163106 1385
163144 1339
163156 1353
163176 1349
163355 1333
163368 1325
163437 1359
163532 1337
163545 1335
163621 1341
163672 1331
163675 1353
163713 1337
163766 1333
163796 1333
163811 1329
163836 1341
163964 1351
164020 1335
164044 1331
164047 1317
164067 1317
164074 1327
164133 1327
164144 1319
164253 1325
164352 1377
164456 1371
164505 1319
164506 1367
164682 1337
164696 1373
164714 1353
164822 1357
164830 1357
164968 1345
165009 1351
165087 1367
165115 1325
165161 1323
165220 1365
165272 1363
165441 1349
165460 1365
165486 1377
165548 1335
165649 1341
165653 1353
165712 1345
165716 1349
165748 1379
165804 1379
165850 1335
165986 1355
166004 1335
166031 1333
166044 1325
166102 1365
166181 1377
166302 1351
166357 1343
166380 1359
166461 1359
166472 1365
166492 1351
166684 1355
166716 1355
166780 1347
166808 1347
166809 1349
166888 1365
166900 1363
166920 1369
166946 1353
167078 1329
167106 1355
167197 1359
167241 1333
167335 1349
167343 1369
167380 1321
167476 1349
167505 1331
167696 1365
167777 1359
167821 1353
167905 1365
168048 1359
168052 1339
168075 1363
168138 1335
168202 1357
168213 1351
168221 1355
168399 1331
168439 1341
168447 1343
168488 1363
168497 1363
168551 1353
168612 1341
168637 1345
168686 1347
168820 1347
168829 1353
168831 1357
168871 1375
169052 1361
169065 1343
169211 1337
169232 1351
169354 1353
169360 1351
169408 1347
169410 1369
169424 1349
169474 1347
169509 1333
169602 1351
169647 1355
169703 1341
169843 1341
169907 1367
169963 1353
169998 1359
170112 1353
170141 1361
170209 1353
170242 1353
170385 1339
170397 1351
170429 1363
170439 1357
170447 1361
170451 1335
170473 1367
170488 1343
170515 1363
170529 1333
170584 1347
170699 1341
170843 1337
170921 1325
170987 1355
170988 1327
170999 1363
171017 1357
171048 1335
171115 1339
171239 1337
171319 1345
171370 1371
171395 1327
171462 1345
171477 1343
171592 1379
171641 1339
171648 1363
171663 1365
171771 1351
171773 1335
171815 1317
171873 1349
172029 1349
172087 1339
172151 1361
172159 1349
172168 1347
172173 1341
172218 1349
172224 1337
172272 1365
172296 1349
172536 1341
172546 1351
172681 1361
172701 1357
172705 1325
172730 1347
172820 1339
172902 1355
172954 1343
173016 1337
173017 1339
173104 1351
173114 1353
173204 1371
173323 1355
173404 1341
173550 1363
173594 1367
173617 1357
173628 1351
173650 1363
173725 1341
173907 1377
173933 1371
173943 1345
173989 1359
174002 1323
174099 1331
174249 1363
174295 1341
174313 1341
174318 1369
174332 1361
174418 1349
174445 1347
174658 1335
174664 1355
174785 1343
174787 1347
174790 1341
174911 1331
174981 1357
175012 1331
175109 1337
175120 1343
175152 1337
175178 1335
175280 1343
175316 1347
175328 1347
175357 1343
175358 1369
175363 1371
175373 1371
175468 1337
175531 1359
175542 1339
175589 1325
175627 1359
175661 1325
175697 1337
175719 1347
175948 1353
175974 1329
175995 1345
176060 1367
176101 1385
176200 1355
176210 1367
176213 1325
176336 1353
176366 1367
176437 1331
176536 1347
176690 1327
176703 1351
176743 1317
176773 1343
176834 1345
176843 1333
176911 1323
176976 1357
177031 1349
177060 1335
177112 1357
177154 1365
177184 1311
177339 1343
177394 1327
177459 1341
177491 1343
177518 1335
177576 1343
177603 1349
177627 1351
177682 1339
177691 1373
177719 1365
177771 1353
177821 1347
177836 1329
177851 1347
177991 1369
177995 1351
178089 1339
178161 1359
178309 1361
178315 1341
178321 1343
178367 1367
178421 1359
178453 1345
178517 1359
178544 1319
178655 1353
178664 1345
178690 1323
178695 1345
178733 1319
178734 1345
178746 1331
178768 1345
178815 1343
178824 1337
178937 1335
178989 1323
178996 1329
179001 1353
179094 1345
179149 1327
179162 1317
179246 1355
179293 1317
179473 1319
179484 1387
179622 1331
179638 1337
179754 1319
179812 1317
179826 1345
179908 1325
179909 1357
179926 1319
180083 1329
180098 1357
180104 1321
180184 1341
180195 1339
180204 1367
180248 1335
180376 1347
180379 1347
180479 1359
180549 1315
180626 1331
180666 1347
180720 1351
180749 1329
180781 1323
180826 1329
180840 1367
180860 1323
180984 1359
181038 1335
181084 1357
181104 1317
181116 1333
181157 1351
181200 1311
181231 1355
181240 1361
181252 1313
181272 1359
181339 1343
181414 1355
181489 1343
181642 1321
181670 1349
181692 1333
181737 1335
181743 1343
181765 1335
181829 1343
181870 1323
181935 1317
182037 1347
182059 1339
182262 1341
182270 1371
182289 1345
182313 1347
182320 1347
182371 1335
182576 1323
182601 1337
182630 1333
182728 1335
182764 1327
182856 1347
183008 1343
183060 1367
183071 1333
183113 1327
183166 1367
183189 1347
183208 1343
183216 1345
183295 1341
183321 1345
183372 1343
183381 1343
183441 1357
183463 1349
183546 1347
183622 1345
183635 1335
183723 1351
183729 1353
183839 1353
183858 1343
183903 1339
183966 1341
183996 1357
184061 1311
184157 1345
184194 1327
184228 1343
184256 1315
184360 1353
184366 1337
184427 1343
184480 1317
184481 1343
184488 1317
184494 1321
184629 1337
184648 1337
184718 1317
184720 1325
184723 1329
184730 1345
184803 1323
184852 1349
185003 1341
185106 1345
185111 1343
185183 1335
185191 1343
185214 1321
185231 1321
185300 1335
185344 1327
185348 1349
185523 1343
185598 1343
185610 1337
185821 1353
185826 1341
185942 1349
185996 1343
186079 1359
186166 1317
186225 1359
186260 1337
186261 1347
186330 1349
186481 1335
186632 1357
186654 1353
186663 1351
186719 1357
186723 1343
186725 1349
186741 1343
186787 1345
186895 1337
186941 1343
186959 1341
187065 1355
187127 1331
187143 1355
187156 1309
187181 1347
187264 1337
187274 1333
187435 1347
187496 1355
187526 1327
187579 1355
187594 1359
187740 1319
187750 1343
187821 1339
187847 1357
187873 1349
188013 1353
188167 1347
188199 1349
188275 1345
188336 1337
188347 1325
188417 1321
188466 1361
188600 1321
188699 1359
188722 1345
188736 1355
188744 1355
188787 1343
188857 1347
188912 1357
189013 1333
189015 1355
189046 1333
189089 1345
189092 1343
189108 1335
189111 1337
189140 1363
189255 1327
189258 1327
189415 1381
189489 1383
189519 1337
189532 1363
189562 1353
189669 1345
189718 1351
189772 1335
189797 1355
189825 1349
189837 1369
189975 1325
189979 1313
190068 1313
190109 1361
190166 1345
190219 1361
190281 1339
190290 1365
190359 1339
190368 1335
190393 1329
190410 1339
190562 1339
190585 1353
190693 1361
190715 1351
190785 1335
190921 1353
190965 1365
191006 1335
191037 1339
191045 1361
191064 1349
191109 1353
191112 1359
191424 1347
191444 1331
191466 1329
191479 1333
191480 1325
191516 1337
191530 1331
191534 1329
191582 1343
191737 1339
191740 1355
191748 1349
191782 1353
191829 1355
191848 1331
191857 1339
192049 1333
192128 1319
192155 1333
192183 1337
192244 1331
192351 1337
192417 1333
192435 1353
192451 1345
192469 1319
192493 1359
192538 1347
192654 1339
192802 1321
192852 1335
192863 1349
192885 1343
192944 1339
192961 1333
193064 1335
193224 1331
193232 1331
193251 1327
193362 1329
193381 1363
193387 1325
193395 1333
193548 1357
193568 1339
193600 1319
193608 1319
193610 1327
193764 1353
193788 1319
193883 1331
193887 1367
193919 1331
193922 1327
193968 1361
193988 1327
194140 1329
194153 1343
194229 1325
194301 1331
194311 1343
194323 1333
194373 1341
194376 1343
194529 1339
194609 1361
194644 1345
194683 1341
194751 1325
194761 1357
194769 1339
194819 1333
194896 1327
194958 1325
195023 1343
195074 1337
195125 1341
195240 1347
195243 1325
195244 1325
195346 1309
195367 1331
195371 1355
195416 1339
195468 1305
195511 1353
195526 1331
195583 1353
195614 1333
195650 1319
195800 1353
195810 1333
195873 1349
195946 1349
195954 1309
196010 1311
196079 1339
196095 1347
196161 1321
196219 1335
196232 1327
196346 1347
196379 1359
196389 1351
196414 1357
196436 1347
196480 1311
196495 1347
196540 1355
196554 1369
196576 1353
196594 1327
196659 1345
196668 1357
196695 1331
196799 1323
196848 1329
196908 1343
197005 1339
197020 1329
197027 1339
197084 1347
197268 1345
197324 1349
197341 1317
197375 1315
197436 1349
197448 1327
197485 1327
197542 1339
197666 1355
197703 1359
197797 1339
197866 1323
197868 1363
197872 1333
197997 1353
198055 1317
198077 1355
198084 1353
198106 1347
198317 1339
198401 1303
198430 1339
198486 1321
198487 1315
198495 1349
198510 1309
198513 1317
198532 1309
198574 1305
198614 1299
198793 1325
198818 1341
198857 1333
198859 1325
198891 1339
198917 1337
199004 1343
199044 1365
199072 1361
199103 1361
199112 1359
199152 1329
199204 1355
199280 1359
199299 1337
199322 1351
199345 1343
199417 1349
199437 1357
199442 1359
199599 1341
199625 1339
199678 1331
199707 1351
199774 1335
199812 1341
199819 1333
199855 1335
199882 1333
199948 1341
199998 1339
200039 1365
200072 1325
200158 1351
200203 1345
200290 1331
200389 1329
200437 1345
200442 1353
200475 1321
200536 1353
200645 1331
200671 1359
200690 1329
200715 1329
200756 1367
200775 1343
200792 1365
200815 1363
200838 1337
200843 1333
200862 1319
200911 1337
200920 1329
201066 1327
201107 1347
201115 1331
201171 1349
201205 1329
201229 1317
201288 1359
201301 1339
201327 1351
201345 1331
201377 1339
201380 1347
201447 1323
201473 1347
201480 1343
201503 1353
201540 1331
201610 1335
201726 1337
201774 1357
201798 1329
201830 1331
201853 1357
201879 1337
201913 1365
201919 1339
201940 1369
202143 1345
202163 1333
202198 1361
202223 1337
202225 1345
202291 1355
202363 1333
202399 1337
202454 1311
202491 1343
202630 1351
202641 1361
202647 1359
202724 1363
202782 1345
202825 1353
202833 1339
202867 1339
202893 1345
203074 1365
203202 1341
203229 1343
203268 1339
203279 1355
203300 1353
203331 1339
203346 1333
203401 1343
203425 1343
203429 1345
203562 1339
203591 1327
203618 1351
203697 1319
203800 1337
203807 1343
203845 1333
203871 1343
203935 1329
203956 1345
204012 1327
204056 1339
204137 1347
204144 1341
204168 1341
204227 1351
204239 1333
204272 1335
204290 1359
204293 1335
204294 1339
204423 1329
204425 1365
204438 1365
204480 1325
204506 1331
204545 1321
204569 1329
204584 1349
204588 1363
204708 1337
204741 1357
204765 1325
204778 1325
204792 1337
204825 1329
204892 1331
204903 1341
204955 1367
204986 1337
204993 1341
205013 1333
205049 1349
205135 1325
205251 1329
205286 1341
205296 1345
205331 1335
205348 1345
205350 1333
205408 1335
205465 1335
205558 1353
205578 1351
205606 1341
205723 1353
205771 1365
205811 1373
205926 1339
205927 1347
205929 1363
206011 1337
206041 1341
206046 1355
206060 1323
206147 1341
206179 1369
206221 1363
206292 1333
206358 1337
206422 1347
206470 1337
206504 1335
206513 1367
206518 1357
206626 1303
206645 1323
206655 1353
206699 1339
206790 1339
206806 1337
206832 1331
206876 1341
206960 1349
206976 1343
207073 1333
207125 1359
207145 1345
207158 1347
207182 1367
207195 1359
207264 1357
207292 1353
207321 1359
207352 1359
207370 1343
207460 1369
207564 1333
207589 1337
207593 1341
207680 1331
207706 1337
207741 1359
207748 1337
207825 1339
207831 1325
207842 1319
207869 1339
207901 1341
207988 1325
207998 1335
208014 1329
208113 1309
208118 1341
208179 1329
208204 1351
208211 1355
208217 1347
208236 1341
208278 1325
208385 1343
208390 1319
208421 1339
208425 1321
208461 1345
208462 1323
208525 1337
208539 1337
208555 1327
208633 1345
208667 1311
208711 1351
208774 1327
208894 1333
208931 1317
208943 1327
209007 1351
209020 1331
209021 1325
209049 1313
209209 1319
209221 1331
209303 1333
209359 1349
209366 1335
209369 1335
209411 1355
209432 1331
209466 1327
209529 1329
209543 1333
209559 1327
209602 1331
209671 1329
209690 1351
209716 1343
209720 1343
209753 1361
209755 1353
209898 1343
210027 1357
210049 1327
210082 1333
210087 1337
210105 1349
210199 1349
210235 1339
210255 1333
210380 1345
210418 1343
210420 1343
210439 1355
210444 1319
210456 1345
210592 1353
210619 1351
210651 1339
210797 1323
210803 1335
210809 1313
210848 1359
210864 1311
210904 1345
210943 1361
211104 1337
211128 1331
211141 1335
211152 1337
211282 1367
211313 1359
211331 1321
211375 1351
211402 1345
211494 1341
211513 1345
211531 1363
211533 1363
211576 1325
211584 1327
211632 1317
211665 1323
211666 1325
211669 1351
211696 1351
211742 1347
211762 1317
211848 1321
211860 1319
211920 1347
211930 1317
211968 1325
212036 1339
212108 1337
212150 1329
212222 1323
212237 1365
212283 1355
212305 1321
212335 1335
212346 1361
212363 1351
212491 1321
212500 1331
212516 1355
212583 1325
212639 1343
212646 1329
212669 1327
212692 1365
212699 1323
212859 1359
212890 1355
212970 1345
213043 1371
213067 1339
213073 1355
213147 1325
213244 1357
213339 1361
213361 1341
213458 1359
213463 1339
213464 1327
213471 1325
213481 1343
213629 1357
213634 1377
213649 1345
213721 1331
213767 1325
213827 1343
213902 1355
213964 1347
213979 1347
214006 1339
214049 1329
214051 1337
214153 1317
214173 1327
214243 1321
214247 1325
214270 1339
214283 1321
214347 1327
214368 1343
214388 1335
214435 1341
214525 1333
214554 1359
214637 1333
214726 1323
214731 1329
214738 1351
214743 1357
214746 1345
214811 1323
214854 1335
214891 1349
214916 1325
214947 1327
215065 1341
215100 1327
215136 1345
215231 1309
215242 1313
215268 1337
215276 1331
215338 1329
215365 1325
215422 1347
215513 1311
215594 1341
215611 1339
215672 1331
215680 1355
215780 1337
215846 1347
215910 1347
215914 1349
215980 1353
216014 1341
216039 1351
216104 1349
216190 1331
216231 1369
216232 1311
216235 1347
216305 1357
216323 1353
216349 1351
216367 1337
216412 1353
216419 1353
216443 1339
216489 1337
216617 1341
216636 1345
216644 1327
216668 1337
216695 1363
216722 1337
216747 1363
216753 1337
216902 1323
216916 1353
216936 1357
216973 1347
217059 1337
217073 1341
217163 1347
217217 1349
217230 1335
217286 1329
217300 1333
217334 1339
217347 1349
217361 1347
217403 1321
217411 1339
217509 1345
217568 1329
217589 1335
217597 1323
217620 1323
217733 1349
217748 1327
217794 1347
217811 1357
217893 1335
217918 1321
217946 1335
217974 1341
217993 1323
218030 1337
218036 1353
218103 1311
218126 1345
218163 1333
218185 1329
218213 1327
218243 1353
218248 1325
218318 1321
218452 1329
218457 1327
218494 1361
218519 1329
218526 1349
218544 1343
218613 1331
218628 1337
218694 1333
218711 1353
218756 1323
218773 1333
218818 1347
218820 1347
218846 1347
218861 1329
218898 1339
218951 1339
219020 1351
219039 1341
219066 1331
219080 1343
219129 1353
219143 1347
219211 1341
219297 1343
219319 1355
219337 1353
219353 1351
219364 1329
219372 1341
219390 1325
219541 1335
219547 1319
219598 1337
219629 1337
219676 1343
219687 1357
219763 1359
219826 1319
219832 1331
219836 1319
219837 1335
219948 1351
219981 1333
219986 1347
220030 1339
220049 1323
220053 1333
220131 1341
220135 1343
220179 1353
220185 1327
220215 1363
220229 1347
220288 1351
220295 1349
220297 1333
220379 1343
220381 1335
220393 1335
220426 1319
220459 1343
220556 1339
220575 1331
220606 1327
220607 1345
220617 1347
220648 1329
220714 1335
220834 1315
220882 1331
220922 1343
220961 1349
221029 1357
221043 1335
221092 1341
221138 1337
221185 1331
221205 1335
221207 1335
221226 1339
221266 1329
221313 1351
221336 1339
221352 1331
221411 1323
221486 1339
221503 1327
221528 1303
221555 1325
221595 1341
221646 1305
221684 1325
221687 1327
221776 1309
221812 1329
221814 1327
221831 1353
221886 1323
221890 1337
221953 1313
221959 1313
222117 1361
222121 1305
222142 1321
222190 1331
222194 1339
222198 1337
222239 1345
222329 1343
222378 1311
222418 1333
222447 1335
222485 1337
222515 1327
222533 1347
222551 1329
222566 1333
222568 1335
222630 1349
222651 1355
222750 1341
222814 1343
222818 1333
222849 1339
222867 1343
222952 1353
223002 1323
223003 1335
223030 1345
223041 1341
223068 1311
223167 1333
223169 1351
223194 1351
223199 1341
223269 1325
223401 1345
223412 1317
223435 1331
223483 1333
223484 1337
223601 1355
223648 1339
223670 1331
223691 1345
223707 1351
223713 1327
223714 1317
223724 1355
223729 1321
223817 1341
223821 1337
223969 1319
223985 1319
224002 1349
224006 1323
224018 1313
224020 1321
224026 1333
224093 1343
224096 1321
224123 1337
224130 1351
224133 1343
224185 1331
224238 1337
224241 1315
224242 1353
224303 1321
224335 1329
224391 1351
224481 1357
224536 1321
224563 1349
224564 1371
224581 1333
224595 1335
224671 1343
224694 1347
224700 1325
224707 1343
224710 1343
224731 1337
224796 1345
224869 1315
224884 1327
224891 1319
224925 1341
224931 1349
224951 1349
224992 1315
225044 1327
225046 1325
225065 1325
225082 1333
225112 1335
225146 1327
225188 1317
225230 1325
225326 1331
225366 1357
225391 1349
225397 1333
225400 1329
225461 1341
225471 1355
225474 1355
225515 1331
225534 1339
225545 1331
225586 1335
225598 1335
225602 1339
225745 1327
225774 1331
225820 1341
225822 1343
225870 1323
225899 1351
225941 1329
226031 1323
226041 1353
226116 1327
226158 1325
226185 1323
226201 1327
226237 1345
226322 1349
226329 1349
226333 1323
226343 1351
226349 1325
226418 1321
226420 1327
226429 1327
226467 1353
226496 1335
226518 1329
226549 1331
226614 1337
226635 1339
226709 1325
226714 1327
226758 1335
226792 1341
226808 1349
226850 1335
226911 1325
226939 1345
226961 1329
226967 1345
227065 1339
227072 1337
227080 1323
227086 1319
227125 1339
227177 1333
227183 1333
227193 1351
227249 1319
227261 1363
227287 1375
227318 1323
227335 1323
227377 1355
227384 1331
227433 1367
227448 1325
227515 1339
227564 1321
227628 1323
227631 1359
227670 1329
227680 1325
227705 1343
227715 1335
227721 1323
227774 1323
227780 1341
227813 1353
227882 1349
227912 1339
227949 1325
227963 1327
227969 1331
227972 1323
228009 1329
228061 1339
228128 1319
228156 1337
228173 1345
228219 1341
228236 1317
228266 1331
228338 1369
228347 1315
228378 1333
228408 1363
228447 1355
228490 1331
228495 1355
228496 1343
228577 1323
228590 1339
228649 1339
228688 1327
228716 1333
228721 1321
228749 1349
228804 1345
228879 1341
228889 1327
228913 1321
228916 1327
228936 1335
228946 1343
228974 1347
229018 1335
229031 1327
229035 1343
229081 1321
229118 1357
229147 1317
229228 1347
229240 1347
229251 1327
229280 1325
229318 1345
229354 1321
229359 1343
229367 1347
229386 1335
229458 1347
229465 1329
229474 1325
229480 1355
229524 1309
229546 1305
229555 1337
229586 1311
229595 1343
229602 1321
229607 1307
229680 1331
229689 1343
229730 1343
229735 1333
229828 1335
229845 1321
229853 1339
229864 1333
229877 1341
229894 1343
229960 1329
229966 1329
230012 1335
230041 1337
230047 1329
230059 1323
230060 1329
230108 1317
230137 1339
230171 1333
230211 1339
230249 1327
230283 1321
230309 1339
230350 1341
230357 1343
230384 1345
230385 1317
230446 1341
230482 1323
230513 1305
230523 1303
230555 1325
230577 1323
230585 1359
230597 1321
230654 1341
230693 1303
230765 1313
230770 1321
230808 1335
230853 1339
230856 1343
230872 1337
230904 1317
230973 1317
230999 1327
231015 1325
231056 1349
231067 1329
231077 1315
231142 1337
231179 1323
231199 1325
231212 1323
231260 1341
231303 1339
231313 1317
231330 1339
231352 1317
231397 1343
231413 1317
231475 1335
231477 1305
231499 1321
231512 1325
231558 1303
231568 1321
231585 1341
231630 1361
231662 1335
231696 1335
231702 1329
231715 1367
231719 1327
231766 1329
231902 1321
231903 1367
231936 1319
231940 1315
231942 1345
231969 1353
231971 1329
232025 1323
232111 1325
232125 1323
232141 1321
232151 1327
232152 1329
232163 1343
232169 1341
232235 1335
232244 1329
232270 1335
232291 1335
232298 1353
232395 1339
232397 1329
232424 1325
232440 1327
232444 1327
232454 1337
232464 1337
232591 1331
232592 1341
232612 1345
232621 1345
232626 1343
232629 1327
232659 1343
232677 1339
232690 1341
232716 1325
232741 1327
232755 1323
232790 1333
232803 1333
232814 1337
232879 1343
232916 1329
232948 1319
232953 1317
232962 1327
232975 1319
232989 1329
233018 1335
233065 1335
233096 1337
233173 1343
233203 1341
233230 1345
233251 1355
233254 1329
233317 1343
233348 1341
233404 1347
233419 1343
233462 1343
233506 1351
233532 1351
233608 1345
233619 1335
233628 1323
233674 1343
233732 1325
233735 1351
233755 1365
233787 1353
233792 1351
233814 1329
233827 1331
233839 1327
233952 1343
233967 1343
233970 1343
233972 1341
233983 1339
234013 1329
234037 1329
234049 1337
234077 1329
234134 1325
234176 1339
234183 1321
234255 1361
234256 1349
234260 1359
234279 1345
234293 1341
234363 1343
234385 1357
234414 1355
234455 1333
234488 1357
234549 1311
234550 1329
234587 1319
234592 1337
234601 1327
234617 1369
234632 1323
234636 1357
234643 1353
234673 1325
234674 1323
234683 1349
234745 1351
234788 1347
234791 1335
234834 1335
234864 1347
234870 1333
234926 1355
234939 1337
234958 1345
234993 1325
235013 1331
235030 1335
235040 1343
235065 1319
235094 1349
235161 1333
235174 1313
235196 1345
235219 1331
235234 1347
235255 1339
235258 1335
235328 1331
235345 1339
235348 1311
235350 1341
235376 1331
235390 1315
235451 1351
235546 1345
235571 1357
235582 1347
235592 1319
235601 1327
235616 1327
235620 1323
235696 1327
235714 1357
235735 1323
235739 1331
235747 1353
235772 1337
235779 1347
235814 1347
235825 1337
235866 1311
235895 1343
235915 1343
235976 1331
236013 1343
236020 1331
236077 1339
236104 1319
236136 1335
236139 1325
236167 1345
236205 1321
236216 1353
236217 1341
236247 1349
236262 1321
236264 1333
236279 1339
236296 1313
236303 1315
236371 1333
236393 1325
236424 1347
236429 1325
236451 1359
236521 1321
236524 1347
236536 1349
236643 1355
236668 1353
236680 1349
236699 1313
236707 1317
236772 1345
236785 1325
236790 1319
236816 1349
236841 1339
236908 1329
236914 1351
236922 1325
236929 1325
236935 1353
236942 1337
236956 1331
237002 1327
237053 1341
237057 1335
237077 1351
237121 1361
237185 1315
237206 1359
237234 1337
237262 1343
237266 1323
237268 1325
237275 1341
237350 1333
237353 1325
237390 1343
237415 1345
237418 1323
237482 1343
237501 1353
237548 1343
237561 1341
237575 1319
237606 1349
237625 1339
237641 1333
237652 1337
237656 1359
237760 1319
237784 1329
237787 1329
237811 1327
237818 1339
237860 1339
237865 1353
237908 1359
237924 1337
237949 1355
237950 1339
237987 1351
237996 1327
238046 1359
238047 1343
238053 1345
238085 1325
238106 1363
238127 1361
238128 1339
238140 1339
238197 1335
238200 1325
238203 1355
238212 1355
238222 1343
238239 1325
238243 1353
238247 1331
238253 1353
238278 1355
238313 1329
238366 1361
238373 1319
238381 1351
238398 1345
238420 1351
238445 1343
238455 1335
238492 1345
238518 1347
238523 1347
238548 1351
238598 1331
238620 1323
238631 1345
238646 1315
238706 1329
238722 1331
238744 1325
238754 1335
238792 1339
238796 1331
238813 1303
238837 1337
238845 1357
238853 1333
238865 1343
238884 1349
238917 1337
238925 1357
238930 1329
238945 1339
238951 1337
238976 1341
238984 1333
238998 1343
239000 1343
239110 1327
239113 1339
239146 1357
239189 1339
239218 1301
239256 1345
239264 1339
239298 1311
239322 1337
239364 1347
239367 1345
239370 1355
239393 1357
239395 1333
239398 1345
239428 1333
239431 1379
239452 1353
239495 1349
239517 1339
239533 1351
239559 1349
239566 1347
239641 1357
239660 1359
239695 1357
239720 1347
239723 1353
239736 1343
239800 1329
239822 1323
239842 1349
239854 1345
239879 1351
239881 1339
239900 1349
239907 1327
239938 1335
239939 1335
239944 1337
239956 1335
239957 1313
240007 1361
240024 1347
240031 1333
240044 1313
240081 1323
240087 1325
240120 1317
240144 1323
240163 1339
240167 1339
240191 1349
240201 1337
240230 1343
240239 1347
240242 1355
240262 1341
240277 1323
240303 1339
240322 1343
240334 1349
240382 1337
240386 1341
240419 1325
240423 1347
240449 1351
240466 1345
240521 1333
240561 1327
240585 1349
240601 1323
240614 1327
240620 1351
240660 1333
240689 1335
240708 1337
240747 1321
240751 1317
240759 1325
240777 1329
240850 1333
240851 1331
240862 1337
240912 1329
240946 1349
240956 1339
240963 1357
240964 1357
240965 1361
240981 1339
241039 1335
241042 1347
241062 1357
241067 1347
241147 1365
241151 1319
241152 1345
241157 1327
241158 1347
241227 1307
241228 1323
241278 1315
241288 1341
241302 1341
241305 1315
241307 1339
241312 1337
241320 1321
241362 1339
241376 1321
241406 1325
241449 1335
241453 1327
241461 1341
241467 1353
241476 1323
241517 1317
241538 1325
241565 1335
241570 1333
241582 1317
241597 1331
241643 1325
241644 1327
241651 1341
241660 1317
241674 1333
241700 1355
241774 1333
241790 1341
241802 1313
241813 1323
241849 1335
241856 1337
241883 1327
241894 1339
241900 1349
241906 1331
241937 1339
241986 1331
241992 1327
241997 1355
242032 1349
242039 1341
242047 1363
242068 1323
242138 1323
242139 1347
242143 1319
242164 1339
242229 1333
242243 1341
242256 1337
242259 1343
242299 1343
242301 1335
242318 1325
242322 1335
242351 1343
242379 1337
242384 1345
242401 1327
242428 1359
242446 1329
242466 1321
242478 1333
242506 1343
242546 1355
242549 1345
242565 1335
242578 1339
242597 1361
242607 1321
242608 1345
242663 1331
242668 1343
242681 1341
242683 1327
242684 1333
242692 1341
242703 1343
242709 1339
242736 1347
242752 1341
242767 1319
242798 1339
242801 1353
242836 1303
242843 1299
242845 1349
242846 1299
242862 1301
242933 1329
242936 1321
242937 1327
242959 1323
242980 1337
242984 1327
242985 1327
243003 1319
243005 1349
243023 1361
243055 1331
243085 1329
243107 1325
243115 1347
243165 1337
243167 1303
243183 1351
243203 1319
243206 1329
243283 1355
243302 1347
243304 1333
243311 1353
243320 1341
243357 1357
243366 1341
243375 1329
243381 1349
243392 1329
243440 1335
243441 1353
243446 1343
243468 1343
243489 1319
243512 1335
243513 1365
243551 1341
243593 1339
243604 1339
243621 1345
243630 1347
243664 1313
243668 1333
243689 1327
243700 1323
243709 1341
243710 1339
243742 1333
243770 1329
243773 1353
243788 1333
243804 1365
243805 1349
243840 1341
243841 1327
243843 1343
243846 1313
243853 1307
243900 1335
243912 1315
243925 1329
243936 1323
243982 1333
243994 1333
244015 1341
244021 1337
244034 1335
244044 1337
244060 1335
244092 1341
244127 1339
244138 1331
244142 1341
244148 1319
244159 1335
244171 1349
244178 1319
244182 1319
244237 1331
244238 1325
244256 1333
244261 1359
244262 1315
244273 1337
244301 1337
244305 1329
244316 1323
244345 1307
244356 1325
244357 1309
244388 1327
244390 1277
244397 1349
244435 1345
244445 1307
244458 1325
244460 1337
244462 1315
244523 1335
244528 1339
244552 1341
244585 1331
244602 1311
244610 1331
244625 1343
244631 1325
244651 1345
244656 1329
244683 1323
244690 1325
244702 1333
244711 1339
244736 1327
244758 1333
244767 1329
244768 1329
244791 1335
244808 1341
244832 1357
244841 1331
244866 1307
244867 1343
244872 1345
244892 1347
244896 1337
244904 1369
244906 1335
244933 1365
244935 1317
244939 1335
244947 1361
244957 1347
244972 1337
244975 1357
244994 1331
245027 1325
245046 1309
245058 1311
245061 1349
245071 1341
245085 1307
245087 1341
245088 1305
245109 1331
245115 1345
245123 1317
245142 1317
245144 1349
245148 1349
245159 1337
245160 1337
245163 1333
245182 1343
245187 1327
245196 1335
245210 1335
245225 1335
245235 1343
245237 1339
245240 1331
245265 1339
245273 1353
245276 1339
245281 1335
245290 1327
245337 1345
245338 1315
245369 1347
245371 1345
245373 1331
245380 1303
245384 1339
245416 1351
245419 1357
245428 1343
245433 1359
245438 1361
245455 1325
245461 1339
245498 1315
245520 1333
245524 1347
245531 1361
245534 1335
245558 1331
245566 1347
245571 1361
245576 1341
245602 1331
245605 1339
245627 1337
245628 1335
245636 1357
245652 1341
245660 1321
245666 1325
245675 1337
245685 1343
245686 1345
245687 1339
245706 1335
245721 1335
245730 1341
245735 1339
245751 1337
245767 1335
245781 1349
245785 1331
245789 1325
245801 1347
245803 1347
245814 1345
245838 1327
245848 1335
245859 1331
245870 1345
245873 1337
245889 1335
245907 1347
245909 1349
245911 1363
245916 1355
245935 1337
245943 1319
245945 1323
245946 1347
245948 1329
245957 1335
245969 1323
245974 1349
245987 1341
245995 1321
245997 1339
245999 1339
246001 1335
246012 1321
246022 1347
246031 1349
246037 1329
246038 1363
246041 1347
246049 1359
246051 1333
246054 1369
246055 1371
246061 1361
246064 1355
246068 1359
246076 1343
246079 1331
246086 1331
246089 1335
246091 1333
246093 1325
246094 1339
246096 1347
246109 1345
246124 1341
246128 1327
246149 1339
246165 1323
246175 1339
246176 1347
246184 1347
246189 1333
246193 1345
246215 1321
246222 1339
246234 1329
246261 1345
246278 1325
246301 1319
246314 1337
246328 1323
246334 1335
246339 1311
246371 1335
246373 1333
246377 1337
246391 1327
246392 1331
246408 1331
246420 1323
246424 1319
246440 1329
246442 1331
246443 1343
246447 1323
246449 1339
246463 1313
246485 1319
246497 1321
246518 1331
246520 1327
246530 1337
246534 1335
246538 1333
246547 1339
246559 1335
246563 1337
246572 1327
246578 1321
246590 1339
246593 1357
246598 1335
246608 1343
246614 1327
246617 1339
246620 1349
246627 1343
246632 1331
246640 1333
246644 1321
246646 1329
246648 1337
246650 1341
246654 1335
246655 1333
246657 1331
246688 1321
246706 1349
246728 1341
246743 1345
246761 1333
246791 1333
246813 1331
246877 1313
246887 1349
246920 1353
246968 1337
246981 1343
246993 1351
247008 1341
247055 1341
247086 1335
247105 1337
247123 1331
247124 1331
247126 1327
247143 1319
247162 1329
247169 1327
247215 1317
247238 1315
247282 1335
247326 1329
247346 1351
247420 1337
247437 1345
247470 1331
247521 1333
247549 1349
247575 1349
247613 1305
247649 1337
247659 1339
247663 1305
247664 1347
247734 1335
247769 1309
247776 1305
247809 1337
247824 1305
247844 1309
247876 1343
247885 1349
247937 1323
247985 1327
247992 1339
248021 1329
248026 1331
248043 1329
248127 1331
248149 1347
248185 1323
248195 1357
248216 1353
248220 1335
248303 1329
248329 1331
248335 1327
248355 1323
248360 1319
248392 1339
248394 1359
248443 1327
248464 1353
248476 1351
248495 1349
248533 1327
248541 1331
248547 1345
248562 1341
248566 1333
248630 1335
248636 1315
248644 1327
248672 1329
248699 1319
248724 1317
248780 1317
248781 1349
248785 1341
248811 1349
248825 1347
248838 1347
248875 1319
248889 1351
248961 1355
248965 1331
248974 1359
248986 1329
249003 1365
249020 1353
249035 1339
249057 1357
249090 1339
249098 1325
249142 1343
249163 1337
249164 1337
249174 1337
249187 1345
249190 1349
249201 1333
249219 1349
249266 1313
249267 1313
249278 1349
249310 1331
249347 1333
249374 1341
249391 1337
249408 1339
249431 1337
249443 1345
249469 1339
249480 1337
249530 1345
249542 1329
249562 1359
249580 1325
249595 1321
249621 1387
249630 1325
249675 1327
249677 1335
249680 1329
249682 1327
249745 1337
249755 1329
249764 1349
249774 1341
249782 1343
249800 1329
249821 1341
249834 1325
249835 1337
249843 1329
249861 1329
249864 1345
249868 1319
249886 1343
249889 1323
249935 1335
249978 1329
249991 1337
250001 1361
250023 1333
250028 1333
250029 1331
250061 1305
250069 1313
250099 1331
250119 1343
250121 1347
250134 1339
250167 1345
250178 1335
250200 1339
250232 1337
250238 1369
250240 1333
250257 1355
250259 1361
250300 1351
250346 1327
250351 1329
250364 1337
250372 1341
250385 1337
250414 1323
250416 1321
250432 1335
250433 1313
250443 1319
250450 1329
250485 1339
250498 1331
250504 1347
250507 1343
250524 1335
250529 1313
250545 1331
250550 1343
250551 1349
250552 1325
250576 1321
250584 1327
250586 1329
250601 1349
250626 1337
250645 1349
250647 1351
250648 1345
250654 1319
250665 1317
250670 1329
250678 1319
250679 1353
250687 1321
250713 1319
250727 1335
250739 1321
250740 1355
250750 1341
250771 1335
250777 1335
250779 1347
250792 1345
250793 1331
250810 1321
250811 1359
250827 1339
250828 1337
250839 1337
250854 1335
250863 1329
250874 1341
250877 1327
250887 1323
250895 1323
250901 1341
250908 1337
250913 1343
250914 1335
250916 1357
250918 1339
250920 1357
250957 1347
250995 1329
250997 1321
251031 1349
251115 1341
251117 1347
251175 1313
251227 1355
251245 1355
251330 1351
251332 1353
251350 1349
251379 1323
251403 1343
251462 1341
251464 1339
251475 1341
251488 1341
251506 1353
251508 1353
251553 1343
251564 1335
251635 1323
251663 1345
251719 1343
251722 1359
251771 1353
251795 1353
251869 1345
251872 1327
251924 1349
251942 1327
251976 1335
251990 1345
252033 1347
252056 1353
252113 1329
252122 1325
252135 1345
252173 1331
252194 1347
252261 1341
252316 1335
252327 1327
252348 1329
252356 1339
252410 1317
252465 1341
252486 1343
252512 1335
252584 1331
252622 1337
252630 1335
252667 1325
252676 1321
252700 1333
252730 1343
252737 1341
252767 1345
252771 1341
252810 1339
252849 1345
252863 1339
252864 1341
252896 1321
252919 1337
252925 1329
252968 1341
252992 1333
253024 1329
253041 1345
253055 1331
253067 1353
253099 1349
253104 1359
253155 1309
253188 1341
253221 1339
253232 1345
253281 1341
253294 1335
253318 1329
253327 1343
253332 1321
253333 1341
253339 1331
253385 1343
253427 1329
253459 1321
253462 1333
253472 1339
253515 1319
253545 1339
253554 1331
253579 1317
253589 1335
253614 1359
253649 1327
253658 1323
253676 1359
253679 1361
253701 1327
253733 1339
253756 1311
253761 1319
253770 1331
253796 1313
253799 1311
253817 1351
253819 1351
253830 1359
253850 1345
253851 1341
253875 1349
253884 1347
253888 1333
253895 1343
253911 1343
253914 1347
253924 1335
253933 1359
253941 1347
253955 1343
253970 1327
253971 1329
253980 1341
253991 1327
253994 1333
253995 1339
253998 1341
254003 1329
254010 1359
254016 1351
254021 1321
254025 1325
254026 1327
254027 1327
254140 1337
254235 1345
254352 1305
254359 1309
254489 1331
254490 1331
254549 1313
254633 1321
254681 1339
254688 1335
254699 1337
254818 1343
254863 1343
254924 1341
254970 1343
254994 1341
255038 1345
255061 1339
255166 1333
255181 1339
255303 1321
255403 1339
255514 1353
255618 1335
255707 1331
255791 1343
255833 1325
255863 1333
255969 1335
256074 1323
256183 1335
256267 1335
256362 1343
256452 1333
256510 1317
256600 1341
256639 1331
256707 1343
256734 1339
256756 1337
256841 1329
256925 1337
257003 1341
257019 1341
257030 1341
257046 1327
257092 1337
257111 1323
257135 1327
257136 1325
257159 1331
257173 1321
257180 1323
257211 1333
257268 1333
257317 1339
257383 1341
257420 1355
257448 1349
257475 1347
257488 1355
257508 1353
257532 1347
257533 1345
257573 1339
257644 1331
257692 1331
257698 1341
257760 1325
257799 1319
257844 1311
257892 1355
257941 1333
257982 1315
258036 1347
258101 1327
258163 1333
258191 1325
258256 1341
258260 1339
258320 1327
258378 1327
258422 1311
258466 1345
258510 1331
258523 1335
258539 1341
258572 1351
258589 1353
258590 1355
258595 1359
258637 1323
258654 1337
258685 1339
258705 1323
258712 1329
258714 1329
258744 1335
258754 1337
258791 1341
258828 1359
258858 1315
258886 1335
258902 1311
258940 1331
258973 1315
258994 1315
259018 1323
259031 1321
259041 1341
259056 1331
259070 1365
259076 1363
259104 1337
259109 1347
259122 1317
259125 1315
259132 1323
259150 1337
259165 1337
259174 1339
259177 1349
259185 1345
259200 1335
259218 1345
259223 1349
259233 1341
259238 1351
259241 1351
259248 1339
259254 1367
259260 1345
259266 1349
259275 1343
259282 1349
259286 1349
259287 1345
259291 1343
259294 1341
259295 1305
